1.000000 0.620000 0.508475 0.233129 0.234568 0.348315 0.309278 0.340909 0.304348 0.580000 0.251799 0.353846 0.340659 0.021277 0.469697 0.183673 0.562500 0.000000 0.043478 0.234899 0.325843 0.565217 0.421875 0.000000 0.218487 0.359375 0.208000 0.165414 0.392857 0.508772 0.469697 0.378947 0.135593 0.500000 0.096154 0.182540 0.162963 0.144928 0.380000 0.111111 0.484375 0.440000 0.416667 0.173913 0.389381 0.139344 0.158416 0.000000 0.322917 0.311594 0.216783 0.216783 0.000000 0.147368 0.000000 0.189189 0.136691 0.060000 0.040816 0.217054 0.043478 0.057692 0.189189 0.219355 0.169903 0.209877 0.040816 0.400000 0.191083 0.402174 0.181818 0.192593 0.237410 0.201087 0.121212 0.174603 0.273973 0.428571 0.254237 0.241830 0.336207 0.233918 0.210938 0.197674 0.296296 0.647059 0.195122 0.424242 0.220472 0.125714 0.263566 0.240000 0.396552 0.161290 0.215909 0.136364 0.102273 0.176471 0.166667 0.246154 0.231884 0.296875 0.380952 0.175573 0.244275 0.176923 0.207547 0.165803 0.180000 0.162562 0.221429 0.280488 0.256881 0.131148 0.235669 0.264706 0.248322 0.124352 0.136646 0.128571 0.184211 0.119718 0.218182 0.212121 0.257143 0.226316 0.110390 0.389831 0.172185 0.454545 0.221477 0.267241 0.240000 0.223140 0.253425 0.121795 0.198529 0.184466 0.225000 0.192982 0.270677 0.236994 0.206349 0.132353 0.225000 0.227941 0.563636 0.168750 0.163842 0.227941 0.175926 0.096045 0.130178 0.145038 0.162037 0.234375 0.200000 0.196970 0.178161 0.178082 0.285714 0.291139 0.166667 0.205479 0.142857 0.185484 0.178082 0.234694 0.237113 0.165179 0.180095 0.327103 0.220000 0.486486 0.500000 0.142857 0.265734 0.212766 0.171598 0.385714 0.246575 0.208092 0.166667 0.227586 0.229814 0.225564 0.214286 0.232258 0.250000 0.229814 0.176471 0.212500 0.234899 0.216049 0.225989 0.103030 0.231638 0.237762 0.221519 0.234568
0.620000 1.000000 0.695652 0.225806 0.227273 0.267442 0.247312 0.273810 0.361111 0.446809 0.181159 0.283333 0.261364 0.057143 0.622642 0.166667 0.488372 0.000000 0.057143 0.193103 0.273810 0.386364 0.403509 0.000000 0.196429 0.407407 0.217391 0.125000 0.313725 0.785714 0.535714 0.290323 0.166667 0.422222 0.095238 0.232143 0.158730 0.139535 0.487179 0.134615 0.680000 0.648649 0.325581 0.228571 0.303571 0.163636 0.164835 0.000000 0.318182 0.240876 0.253846 0.253846 0.000000 0.143646 0.000000 0.178571 0.105263 0.076923 0.052632 0.216667 0.057143 0.073171 0.198020 0.148387 0.111111 0.175676 0.052632 0.337209 0.157895 0.311111 0.204545 0.181102 0.183824 0.173184 0.132231 0.191304 0.281250 0.313253 0.201754 0.234483 0.297297 0.183432 0.220339 0.243243 0.439024 0.431373 0.152709 0.326531 0.190083 0.127273 0.206349 0.190083 0.627907 0.131455 0.280000 0.138298 0.082840 0.131148 0.258621 0.179688 0.251969 0.384615 0.326733 0.191667 0.256198 0.173554 0.167742 0.144385 0.138298 0.147959 0.221374 0.305556 0.155963 0.126437 0.220000 0.257812 0.198630 0.107527 0.139073 0.105263 0.149660 0.138462 0.210191 0.182540 0.213235 0.174603 0.103448 0.479167 0.144828 0.291262 0.230216 0.346535 0.190083 0.170940 0.228571 0.138889 0.216000 0.144330 0.152542 0.190476 0.264000 0.180233 0.137097 0.144000 0.172414 0.181818 0.415094 0.157895 0.140351 0.181818 0.137255 0.109091 0.139241 0.130081 0.142857 0.166667 0.192308 0.195122 0.121387 0.158273 0.270833 0.318841 0.129630 0.161972 0.145251 0.152542 0.133803 0.170213 0.172043 0.131222 0.155340 0.284314 0.219858 0.414286 0.428571 0.146552 0.240876 0.230769 0.106509 0.409836 0.333333 0.171598 0.134021 0.227941 0.214286 0.216000 0.197279 0.208054 0.208333 0.214286 0.162437 0.211921 0.218310 0.200000 0.183908 0.096154 0.176136 0.229630 0.205298 0.166667
0.508475 0.695652 1.000000 0.237500 0.238994 0.329545 0.278351 0.306818 0.295455 0.381818 0.204225 0.307692 0.322222 0.046512 0.709091 0.177083 0.440000 0.000000 0.046512 0.214765 0.306818 0.326923 0.491525 0.000000 0.224138 0.354839 0.254237 0.142857 0.339286 0.765957 0.468750 0.306122 0.142857 0.384615 0.080000 0.258621 0.193798 0.174242 0.375000 0.135593 0.735849 0.568182 0.300000 0.186047 0.339130 0.142857 0.187500 0.000000 0.333333 0.280576 0.285714 0.285714 0.000000 0.155914 0.000000 0.218310 0.115108 0.063830 0.043478 0.241935 0.046512 0.061224 0.194444 0.169811 0.122642 0.172840 0.043478 0.336957 0.157233 0.340426 0.200000 0.206107 0.207143 0.204420 0.132812 0.218487 0.250000 0.344828 0.260870 0.238411 0.310345 0.195402 0.225806 0.204819 0.340000 0.396552 0.186275 0.352941 0.187500 0.127907 0.221374 0.225806 0.471698 0.147465 0.253012 0.144330 0.091429 0.115942 0.246154 0.213740 0.246269 0.311475 0.327103 0.208000 0.280000 0.171875 0.203822 0.174603 0.138614 0.188776 0.226277 0.324675 0.175439 0.139665 0.256579 0.270677 0.211921 0.126316 0.146497 0.115108 0.180000 0.138686 0.237500 0.207692 0.235714 0.191710 0.098039 0.490566 0.160000 0.330189 0.226027 0.333333 0.225806 0.208333 0.250000 0.139073 0.250000 0.155340 0.180328 0.209091 0.276923 0.185393 0.146154 0.143939 0.210084 0.188406 0.383333 0.164557 0.160000 0.188406 0.148148 0.110465 0.146341 0.139535 0.169811 0.201550 0.196809 0.210938 0.141243 0.181818 0.232143 0.337838 0.140351 0.176871 0.157609 0.152000 0.165517 0.191919 0.193878 0.141593 0.160377 0.311321 0.241379 0.507042 0.368421 0.155738 0.262411 0.272727 0.127168 0.382353 0.275362 0.204678 0.145729 0.241135 0.250000 0.203008 0.187097 0.197452 0.229730 0.250000 0.173267 0.201258 0.206667 0.190184 0.215909 0.104938 0.187845 0.242857 0.194969 0.201220
0.233129 0.225806 0.237500 1.000000 0.980769 0.286517 0.268817 0.275281 0.083333 0.175000 0.341232 0.138728 0.283333 0.012903 0.320513 0.355422 0.179487 0.000000 0.012903 0.550265 0.233696 0.145570 0.197605 0.000000 0.411111 0.187879 0.520468 0.326633 0.133333 0.250000 0.271605 0.348315 0.047619 0.121951 0.024691 0.387097 0.364103 0.355330 0.133758 0.059172 0.307692 0.167742 0.092593 0.051613 0.316832 0.291667 0.291429 0.000000 0.248677 0.442786 0.443878 0.451282 0.000000 0.459821 0.000000 0.515957 0.467033 0.018868 0.019108 0.392670 0.012903 0.025000 0.324176 0.425837 0.452282 0.246988 0.012658 0.441718 0.364055 0.360000 0.439490 0.370558 0.325472 0.404255 0.435754 0.557576 0.174419 0.316092 0.304569 0.458537 0.360825 0.592040 0.508571 0.164835 0.125786 0.191358 0.580357 0.275510 0.340102 0.436620 0.439153 0.294118 0.172840 0.510460 0.263158 0.613527 0.449761 0.159509 0.176829 0.290476 0.603448 0.163636 0.322917 0.603659 0.754839 0.336735 0.433333 0.532110 0.384146 0.526549 0.538462 0.304878 0.413793 0.476636 0.553846 0.614943 0.560847 0.442478 0.586957 0.412698 0.409756 0.497207 0.703297 0.401042 0.484375 0.590698 0.238938 0.208861 0.529412 0.317708 0.359813 0.488372 0.294118 0.285000 0.707602 0.510638 0.581395 0.462025 0.414365 0.441176 0.597701 0.516432 0.562874 0.461111 0.286432 0.408163 0.196319 0.517949 0.458333 0.422680 0.413174 0.449761 0.507538 0.463277 0.525424 0.283654 0.560185 0.638037 0.347639 0.448454 0.090361 0.271084 0.423529 0.417910 0.570048 0.326425 0.370732 0.250000 0.244565 0.516393 0.556522 0.476471 0.482234 0.303571 0.180124 0.552147 0.567568 0.428571 0.454976 0.263804 0.183432 0.566502 0.446809 0.630682 0.598958 0.339901 0.416268 0.415094 0.507692 0.598958 0.551111 0.478049 0.415459 0.429907 0.502304 0.419512 0.602941 0.643678 0.431280 0.500000
0.234568 0.227273 0.238994 0.980769 1.000000 0.288136 0.270270 0.276836 0.090909 0.176101 0.336493 0.132948 0.284916 0.012987 0.322581 0.349398 0.188312 0.000000 0.012987 0.544974 0.234973 0.146497 0.198795 0.000000 0.413408 0.181818 0.532544 0.328283 0.127273 0.251613 0.281250 0.342697 0.047904 0.122699 0.031250 0.389189 0.373057 0.364103 0.127389 0.059524 0.309677 0.168831 0.086420 0.051948 0.318408 0.293194 0.293103 0.000000 0.243386 0.445000 0.446154 0.453608 0.000000 0.461883 0.000000 0.518717 0.477778 0.018987 0.019231 0.387435 0.012987 0.025157 0.325967 0.427885 0.454167 0.248485 0.012739 0.444444 0.365741 0.362069 0.451613 0.372449 0.320755 0.405983 0.438202 0.560976 0.182353 0.310345 0.306122 0.453659 0.362694 0.595000 0.520231 0.172222 0.133758 0.192547 0.582960 0.276923 0.335025 0.438679 0.441489 0.295567 0.173913 0.512605 0.264706 0.624390 0.458937 0.167702 0.177914 0.291866 0.616279 0.164634 0.317708 0.617284 0.759740 0.345361 0.435407 0.534562 0.395062 0.535714 0.541436 0.314815 0.416185 0.478873 0.564767 0.627907 0.563830 0.444444 0.590164 0.422460 0.418719 0.500000 0.716667 0.410526 0.486911 0.593458 0.245536 0.210191 0.540541 0.319372 0.367925 0.491228 0.295567 0.286432 0.711765 0.513369 0.584795 0.474359 0.416667 0.435294 0.610465 0.511737 0.566265 0.471910 0.287879 0.410256 0.197531 0.528497 0.467290 0.424870 0.424242 0.451923 0.510101 0.474286 0.534188 0.285024 0.570093 0.652174 0.349138 0.450777 0.090909 0.280488 0.434524 0.420000 0.580488 0.335079 0.372549 0.251366 0.245902 0.518519 0.558952 0.470588 0.484694 0.313253 0.181250 0.555556 0.579235 0.438144 0.457143 0.265432 0.184524 0.569307 0.448718 0.634286 0.610526 0.348259 0.418269 0.417062 0.510309 0.610526 0.560538 0.480392 0.417476 0.431925 0.497696 0.428571 0.605911 0.656977 0.426540 0.502439
0.348315 0.267442 0.329545 0.286517 0.288136 1.000000 0.781609 0.871795 0.189189 0.229885 0.160920 0.303371 0.973684 0.000000 0.262626 0.425743 0.197674 0.000000 0.027027 0.316770 0.553191 0.190476 0.400000 0.000000 0.441667 0.185567 0.316176 0.464000 0.325000 0.341176 0.213592 0.251969 0.091954 0.320513 0.062500 0.330827 0.480000 0.453125 0.154762 0.101124 0.268041 0.190476 0.246753 0.108108 0.302817 0.098684 0.330275 0.000000 0.250000 0.412162 0.364865 0.374150 0.000000 0.236181 0.000000 0.243902 0.200000 0.025316 0.012821 0.350365 0.027027 0.050633 0.118881 0.261628 0.257009 0.518072 0.025974 0.222222 0.194444 0.286885 0.260870 0.431818 0.156069 0.353261 0.128205 0.313433 0.141509 0.223140 0.629630 0.305389 0.550847 0.335196 0.288732 0.119658 0.152941 0.272727 0.300000 0.280303 0.150943 0.165803 0.354610 0.577586 0.184783 0.217391 0.153846 0.210526 0.168421 0.080000 0.204301 0.570248 0.337838 0.110000 0.253623 0.309353 0.299320 0.110429 0.358025 0.258706 0.292035 0.306931 0.391608 0.278846 0.341463 0.205128 0.361963 0.351351 0.337500 0.218905 0.178771 0.215686 0.300000 0.140244 0.308571 0.435115 0.369128 0.324873 0.069892 0.466667 0.265432 0.409836 0.193182 0.411290 0.577586 0.557522 0.343949 0.187135 0.364286 0.271186 0.356589 0.438596 0.358621 0.294118 0.276596 0.159236 0.562500 0.344828 0.225806 0.250000 0.278689 0.335616 0.240000 0.115578 0.183784 0.194631 0.234513 0.563025 0.286432 0.273973 0.280220 0.226994 0.204819 0.274510 0.257812 0.307692 0.238579 0.121795 0.315789 0.619565 0.591398 0.262009 0.276498 0.268657 0.343949 0.289720 0.184783 0.219858 0.393333 0.391608 0.248619 0.275510 0.101852 0.309392 0.251208 0.320513 0.345238 0.171779 0.194444 0.216667 0.306748 0.345238 0.207207 0.219780 0.204545 0.203209 0.303191 0.193182 0.329730 0.339869 0.214286 0.407407
0.309278 0.247312 0.278351 0.268817 0.270270 0.781609 1.000000 0.888889 0.172840 0.239130 0.201149 0.366667 0.784091 0.000000 0.245283 0.411215 0.182796 0.000000 0.024691 0.319277 0.530000 0.175824 0.369565 0.000000 0.406250 0.161905 0.273973 0.461538 0.361446 0.301075 0.200000 0.296875 0.085106 0.294118 0.057471 0.333333 0.443609 0.419118 0.142857 0.093750 0.250000 0.175824 0.240964 0.098765 0.315068 0.094340 0.333333 0.000000 0.306452 0.421053 0.384106 0.393333 0.000000 0.252475 0.000000 0.233918 0.198758 0.023256 0.011765 0.381295 0.024691 0.046512 0.113333 0.272727 0.289720 0.477778 0.023810 0.210526 0.187166 0.322581 0.245902 0.430657 0.189655 0.368984 0.122699 0.288732 0.132743 0.270492 0.605263 0.300578 0.570248 0.322581 0.283784 0.112903 0.141304 0.279570 0.296296 0.303704 0.151515 0.165829 0.384615 0.570248 0.171717 0.237069 0.145161 0.198157 0.162437 0.074766 0.190000 0.601626 0.314103 0.102804 0.304348 0.277027 0.269231 0.105882 0.335294 0.256039 0.275000 0.309179 0.401361 0.250000 0.343750 0.228426 0.347059 0.326923 0.364198 0.229268 0.172043 0.206250 0.303030 0.134503 0.289617 0.433824 0.370130 0.320197 0.072917 0.409639 0.239766 0.432000 0.185792 0.378788 0.570248 0.525000 0.337423 0.179775 0.356164 0.256000 0.378788 0.425000 0.333333 0.303665 0.289655 0.152439 0.529412 0.374150 0.222222 0.240223 0.302703 0.393103 0.227273 0.111650 0.177083 0.185897 0.248908 0.595041 0.315000 0.253247 0.348315 0.203488 0.202247 0.256881 0.244444 0.327044 0.218447 0.116564 0.335484 0.625000 0.614583 0.264957 0.273543 0.229167 0.345679 0.283186 0.183673 0.209459 0.358491 0.373333 0.259459 0.281553 0.095652 0.318919 0.272727 0.290909 0.323864 0.171598 0.200000 0.221622 0.294118 0.323864 0.200873 0.211640 0.196721 0.195876 0.292308 0.185792 0.317708 0.308642 0.206349 0.407186
0.340909 0.273810 0.306818 0.275281 0.276836 0.871795 0.888889 1.000000 0.194444 0.235294 0.176471 0.341176 0.873418 0.000000 0.268041 0.448980 0.202381 0.000000 0.027778 0.337580 0.548387 0.195122 0.392857 0.000000 0.425000 0.164948 0.291971 0.483607 0.368421 0.333333 0.217822 0.276423 0.094118 0.328947 0.064103 0.346154 0.464000 0.437500 0.158537 0.103448 0.273684 0.195122 0.270270 0.111111 0.288732 0.100000 0.349057 0.000000 0.275000 0.417808 0.369863 0.379310 0.000000 0.244898 0.000000 0.246914 0.202614 0.025974 0.013158 0.375940 0.027778 0.051948 0.120567 0.279762 0.265403 0.530864 0.026667 0.225806 0.196629 0.302521 0.265487 0.427481 0.164706 0.335135 0.129870 0.298507 0.144231 0.247863 0.626168 0.309091 0.547009 0.309392 0.292857 0.121739 0.156627 0.279070 0.272300 0.274809 0.152866 0.167539 0.379562 0.587719 0.188889 0.219298 0.156522 0.200957 0.170213 0.081633 0.208791 0.553719 0.333333 0.112245 0.276119 0.294964 0.285714 0.111801 0.321212 0.242574 0.297297 0.284314 0.387324 0.271845 0.347107 0.213542 0.349693 0.337838 0.358974 0.221106 0.180791 0.218543 0.312102 0.141975 0.304598 0.419847 0.355705 0.314721 0.070652 0.459459 0.253086 0.404959 0.195402 0.406504 0.587719 0.567568 0.339744 0.189349 0.359712 0.275862 0.373016 0.433628 0.344828 0.304348 0.280576 0.161290 0.572727 0.359155 0.230769 0.252941 0.288889 0.349650 0.243902 0.116751 0.185792 0.197279 0.236607 0.546218 0.282828 0.268966 0.305085 0.214724 0.225000 0.280000 0.261905 0.320261 0.228426 0.123377 0.328859 0.651685 0.640449 0.258772 0.273148 0.244444 0.339744 0.295238 0.188889 0.223022 0.370861 0.387324 0.258427 0.294737 0.103774 0.305556 0.259804 0.307692 0.333333 0.173913 0.196629 0.219101 0.302469 0.333333 0.209091 0.222222 0.206897 0.205405 0.278947 0.195402 0.304813 0.326797 0.216667 0.403727
0.304348 0.361111 0.295455 0.083333 0.090909 0.189189 0.172840 0.194444 1.000000 0.424242 0.059701 0.191489 0.184211 0.000000 0.250000 0.090909 0.482759 0.000000 0.066667 0.070423 0.194444 0.250000 0.282609 0.000000 0.130000 0.222222 0.091743 0.078947 0.210526 0.317073 0.274510 0.100000 0.206897 0.482759 0.190476 0.073394 0.096491 0.095652 0.233333 0.117647 0.260000 0.481481 0.285714 0.375000 0.126126 0.038835 0.103896 0.000000 0.104651 0.103704 0.100775 0.100775 0.000000 0.062857 0.000000 0.099237 0.041322 0.105263 0.055556 0.068376 0.066667 0.095238 0.098901 0.060811 0.045000 0.137931 0.117647 0.132530 0.054422 0.127907 0.062500 0.121739 0.060606 0.067797 0.035714 0.094340 0.220000 0.113924 0.137255 0.089655 0.128440 0.065476 0.098214 0.183333 0.407407 0.368421 0.070352 0.123711 0.088496 0.071429 0.073770 0.128440 0.195122 0.052632 0.136364 0.054645 0.031847 0.066667 0.083333 0.120690 0.112903 0.133333 0.107843 0.099099 0.110169 0.090090 0.073826 0.060440 0.061728 0.073684 0.112000 0.177419 0.082474 0.041667 0.094595 0.111111 0.084507 0.051136 0.063380 0.041322 0.064748 0.032520 0.090323 0.122807 0.082707 0.074866 0.045113 0.351351 0.074074 0.142857 0.102941 0.127451 0.128440 0.104762 0.102190 0.043796 0.119658 0.058824 0.074766 0.142857 0.113821 0.076923 0.071429 0.042735 0.105769 0.071429 0.285714 0.076389 0.087500 0.071429 0.055556 0.025316 0.060000 0.044248 0.057971 0.105263 0.076923 0.086207 0.054878 0.076923 0.290323 0.186441 0.052083 0.058824 0.063584 0.095238 0.068702 0.112500 0.113924 0.065116 0.068966 0.100000 0.078571 0.218750 0.324324 0.066667 0.103704 0.112000 0.050633 0.226415 0.156863 0.066265 0.047368 0.097744 0.092105 0.119658 0.099291 0.096552 0.100719 0.092105 0.072165 0.087248 0.101449 0.092715 0.081871 0.048951 0.062857 0.106870 0.087838 0.090909
0.580000 0.446809 0.381818 0.175000 0.176101 0.229885 0.239130 0.235294 0.424242 1.000000 0.183824 0.271186 0.224719 0.029412 0.377049 0.131868 0.771429 0.000000 0.060606 0.163265 0.235294 0.638889 0.258065 0.000000 0.128205 0.345455 0.179487 0.118110 0.250000 0.403846 0.448276 0.282609 0.148936 0.377778 0.128205 0.133333 0.116279 0.115385 0.400000 0.117647 0.366667 0.512821 0.279070 0.171429 0.285714 0.125000 0.106383 0.000000 0.266667 0.208633 0.175182 0.175182 0.000000 0.132597 0.000000 0.156028 0.124031 0.081081 0.055556 0.152000 0.029412 0.050000 0.178218 0.150327 0.128713 0.197183 0.055556 0.284091 0.144737 0.288889 0.168539 0.147287 0.169118 0.142857 0.106557 0.144068 0.333333 0.320988 0.194690 0.180000 0.245614 0.164706 0.145161 0.232877 0.357143 0.868421 0.165829 0.306122 0.193277 0.121951 0.190476 0.183333 0.307692 0.143541 0.220779 0.115789 0.090361 0.240741 0.183333 0.173228 0.154412 0.296296 0.281553 0.155738 0.200000 0.166667 0.201342 0.133690 0.193182 0.115000 0.244094 0.260274 0.278351 0.134503 0.183007 0.213740 0.201389 0.120879 0.125828 0.124031 0.143836 0.106061 0.175000 0.148438 0.207407 0.145833 0.104895 0.326923 0.154930 0.323232 0.173611 0.185841 0.183333 0.144068 0.240876 0.109589 0.190476 0.184783 0.218182 0.194175 0.218750 0.189349 0.241071 0.119048 0.145299 0.203125 0.697674 0.129870 0.162651 0.203125 0.175258 0.083832 0.119497 0.141667 0.138756 0.160000 0.162162 0.178862 0.129412 0.160584 0.311111 0.271429 0.165049 0.156028 0.127778 0.175439 0.169118 0.161290 0.163043 0.137615 0.140097 0.240385 0.164384 0.385714 0.743590 0.129310 0.200000 0.153285 0.170886 0.448276 0.300000 0.166667 0.141361 0.195652 0.178344 0.219512 0.200000 0.219178 0.228571 0.178344 0.140704 0.175325 0.195804 0.187097 0.186047 0.090323 0.164773 0.205882 0.184211 0.154321
0.251799 0.181159 0.204225 0.341232 0.336493 0.160920 0.201149 0.176471 0.059701 0.183824 1.000000 0.240876 0.159091 0.015625 0.269504 0.144509 0.154412 0.000000 0.015625 0.266667 0.162791 0.193798 0.168919 0.000000 0.118227 0.181818 0.165000 0.144928 0.221374 0.191489 0.185430 0.521429 0.056738 0.145985 0.029630 0.190722 0.122066 0.116279 0.161538 0.062937 0.212329 0.140741 0.171875 0.038168 0.298913 0.483221 0.137143 0.000000 0.322785 0.240566 0.185185 0.185185 0.000000 0.345291 0.000000 0.316327 0.340782 0.022727 0.023077 0.225641 0.015625 0.030075 0.407895 0.418848 0.351464 0.132075 0.015267 0.444444 0.582353 0.435374 0.163743 0.125000 0.953846 0.192913 0.369048 0.216931 0.198630 0.530303 0.167513 0.689441 0.247368 0.279476 0.253968 0.185897 0.109489 0.220588 0.277344 0.327381 0.669014 0.409091 0.237374 0.161765 0.189781 0.452174 0.277027 0.441315 0.359606 0.246154 0.129252 0.184466 0.253731 0.170213 0.335294 0.191919 0.231156 0.546053 0.175966 0.218254 0.136364 0.330544 0.210526 0.230263 0.209945 0.273128 0.226667 0.233010 0.307317 0.323009 0.311881 0.290323 0.207373 0.309783 0.292237 0.136150 0.246377 0.375546 0.571429 0.138889 0.199074 0.313953 0.360825 0.174359 0.161765 0.155779 0.286408 0.241546 0.200980 0.179191 0.224599 0.129534 0.224390 0.370370 0.300000 0.364162 0.156566 0.238806 0.235294 0.217195 0.315068 0.251256 0.167598 0.445026 0.331707 0.208333 0.359184 0.188119 0.230159 0.243523 0.226496 0.476744 0.124088 0.194805 0.162162 0.194444 0.342342 0.568493 0.198113 0.173410 0.174419 0.423237 0.439130 0.365854 0.226852 0.246753 0.207407 0.248619 0.223256 0.182243 0.359223 0.226027 0.161074 0.293333 0.378855 0.226415 0.233480 0.346154 0.379487 0.385787 0.247664 0.233480 0.400000 0.366337 0.378238 0.360976 0.266949 0.281553 0.304348 0.227488 0.381910 0.349282
0.353846 0.283333 0.307692 0.138728 0.132948 0.303371 0.366667 0.341176 0.191489 0.271186 0.240876 1.000000 0.296703 0.000000 0.256757 0.258427 0.203390 0.000000 0.047619 0.184211 0.357143 0.283019 0.426230 0.000000 0.194915 0.169014 0.113636 0.208000 0.761905 0.344262 0.207792 0.351064 0.145455 0.420000 0.081633 0.198347 0.167939 0.157895 0.250000 0.178571 0.263889 0.214286 0.523810 0.136364 0.378378 0.062992 0.241758 0.000000 0.518519 0.237762 0.188811 0.188811 0.000000 0.108808 0.000000 0.102564 0.076923 0.042553 0.021739 0.254098 0.047619 0.085106 0.094017 0.170886 0.150485 0.253333 0.044444 0.257732 0.129630 0.344086 0.107843 0.189394 0.226277 0.240000 0.066667 0.116279 0.141026 0.397590 0.285714 0.155280 0.385321 0.176136 0.170543 0.112360 0.178571 0.311475 0.120930 0.442105 0.170543 0.096591 0.223077 0.268908 0.283333 0.122172 0.119565 0.067633 0.061453 0.085714 0.159420 0.316667 0.160839 0.161765 0.424242 0.119403 0.127660 0.087591 0.139394 0.110553 0.106796 0.131707 0.176056 0.174419 0.187500 0.115385 0.144578 0.142857 0.221477 0.109375 0.078313 0.076923 0.165563 0.076389 0.138728 0.209302 0.211268 0.156566 0.056962 0.392857 0.088050 0.428571 0.126582 0.181818 0.268908 0.252174 0.169935 0.089172 0.169118 0.102804 0.201681 0.211009 0.145833 0.160221 0.138462 0.079137 0.254386 0.225564 0.281250 0.115854 0.128492 0.253846 0.098214 0.061453 0.080925 0.081481 0.127854 0.350877 0.142857 0.107914 0.203593 0.105263 0.333333 0.195122 0.093220 0.170068 0.081633 0.091603 0.166667 0.329545 0.333333 0.132159 0.113636 0.189655 0.177632 0.218391 0.241935 0.102362 0.149351 0.184397 0.134503 0.291667 0.129870 0.171429 0.158163 0.122581 0.141176 0.104167 0.095808 0.126506 0.145570 0.141176 0.102804 0.104651 0.111111 0.102857 0.145161 0.078788 0.169399 0.123377 0.125000 0.195122
0.340659 0.261364 0.322222 0.283333 0.284916 0.973684 0.784091 0.873418 0.184211 0.224719 0.159091 0.296703 1.000000 0.000000 0.257426 0.431373 0.193182 0.000000 0.026316 0.320988 0.574468 0.186047 0.390805 0.000000 0.446281 0.181818 0.311594 0.480000 0.317073 0.333333 0.209524 0.248062 0.089888 0.312500 0.060976 0.335821 0.496000 0.468750 0.151163 0.098901 0.262626 0.186047 0.240506 0.105263 0.298611 0.097403 0.324324 0.000000 0.246032 0.416107 0.369128 0.378378 0.000000 0.246231 0.000000 0.240964 0.197452 0.024691 0.012500 0.355072 0.026316 0.049383 0.117241 0.258621 0.266355 0.523810 0.025316 0.218750 0.192308 0.282258 0.256410 0.446970 0.154286 0.364130 0.126582 0.318519 0.138889 0.219512 0.648148 0.301775 0.567797 0.338889 0.284722 0.117647 0.149425 0.266667 0.303318 0.276119 0.149068 0.164103 0.368794 0.594828 0.180851 0.215517 0.151261 0.214286 0.172775 0.078431 0.212766 0.586777 0.342282 0.107843 0.250000 0.314286 0.295302 0.109091 0.370370 0.262376 0.298246 0.316832 0.405594 0.285714 0.346774 0.209184 0.357576 0.346667 0.341615 0.222772 0.176796 0.220779 0.312500 0.138554 0.312500 0.439394 0.364238 0.335025 0.069149 0.473684 0.269939 0.426230 0.191011 0.427419 0.594828 0.575221 0.348101 0.184971 0.368794 0.266667 0.372093 0.443478 0.353741 0.304813 0.272727 0.157233 0.580357 0.349315 0.221053 0.247126 0.289617 0.340136 0.236220 0.114428 0.188172 0.192053 0.237885 0.579832 0.290000 0.278912 0.291209 0.224242 0.200000 0.269231 0.263566 0.320513 0.242424 0.120253 0.328947 0.623656 0.612903 0.270742 0.285714 0.264706 0.339623 0.284404 0.180851 0.216783 0.406667 0.405594 0.259669 0.270000 0.100000 0.313187 0.260870 0.316456 0.341176 0.169697 0.192308 0.214286 0.303030 0.341176 0.205357 0.217391 0.202247 0.201058 0.300000 0.197740 0.333333 0.335484 0.211957 0.419753
0.021277 0.057143 0.046512 0.012903 0.012987 0.000000 0.000000 0.000000 0.000000 0.029412 0.015625 0.000000 0.000000 1.000000 0.039216 0.000000 0.033333 0.000000 0.000000 0.014493 0.000000 0.037037 0.000000 0.000000 0.000000 0.048780 0.019048 0.000000 0.000000 0.050000 0.039216 0.023529 0.000000 0.000000 0.000000 0.019417 0.000000 0.000000 0.086957 0.000000 0.040816 0.076923 0.000000 0.000000 0.018018 0.021505 0.000000 0.000000 0.024691 0.014815 0.015625 0.015625 0.000000 0.011628 0.000000 0.007634 0.008850 0.125000 0.166667 0.018018 0.000000 0.000000 0.023256 0.006944 0.005102 0.000000 0.000000 0.025000 0.014184 0.024096 0.028169 0.000000 0.015873 0.011429 0.019608 0.019608 0.042553 0.027027 0.000000 0.013889 0.018349 0.012121 0.018349 0.035088 0.083333 0.025641 0.010050 0.021053 0.018349 0.013245 0.017094 0.000000 0.057143 0.009709 0.032787 0.011173 0.006711 0.028571 0.052632 0.000000 0.016129 0.054054 0.020202 0.018519 0.017094 0.018692 0.013699 0.011173 0.013699 0.010526 0.016000 0.033898 0.010870 0.012422 0.013514 0.015873 0.014286 0.011696 0.014599 0.008850 0.007407 0.017699 0.012903 0.000000 0.015385 0.010695 0.016000 0.000000 0.007576 0.010101 0.014706 0.019802 0.000000 0.000000 0.014599 0.015504 0.017094 0.012987 0.009804 0.000000 0.016260 0.005917 0.009346 0.018519 0.000000 0.016529 0.050000 0.014184 0.006211 0.016529 0.012195 0.013514 0.013793 0.019231 0.009756 0.000000 0.010989 0.017857 0.006250 0.007874 0.000000 0.035714 0.011364 0.007634 0.011765 0.009804 0.007874 0.000000 0.000000 0.009302 0.009852 0.020833 0.014599 0.015385 0.057143 0.020408 0.014815 0.016000 0.006536 0.039216 0.044444 0.012270 0.010811 0.015152 0.013158 0.017094 0.014184 0.013793 0.014388 0.013158 0.010309 0.013514 0.014493 0.013245 0.011696 0.014706 0.011628 0.015267 0.013605 0.006452
0.469697 0.622642 0.709091 0.320513 0.322581 0.262626 0.245283 0.268041 0.250000 0.377049 0.269504 0.256757 0.257426 0.039216 1.000000 0.163462 0.428571 0.000000 0.039216 0.243421 0.268041 0.327586 0.371429 0.000000 0.200000 0.415385 0.258065 0.126761 0.276923 0.685185 0.522388 0.387755 0.125000 0.311475 0.068966 0.241935 0.165468 0.147887 0.370370 0.119403 0.785714 0.509804 0.237288 0.156863 0.361345 0.220339 0.161905 0.000000 0.375000 0.265306 0.297101 0.297101 0.000000 0.179894 0.000000 0.231293 0.156028 0.054545 0.056604 0.236641 0.039216 0.052632 0.234234 0.190184 0.154930 0.157303 0.037037 0.471910 0.215190 0.340000 0.232323 0.185714 0.264286 0.195767 0.176923 0.243902 0.361111 0.436782 0.204724 0.300000 0.322314 0.213483 0.230769 0.285714 0.315789 0.369231 0.213592 0.377358 0.259843 0.181287 0.235294 0.194030 0.433333 0.195349 0.349398 0.197917 0.143678 0.231884 0.253521 0.184397 0.268116 0.333333 0.376147 0.232558 0.312500 0.244094 0.186747 0.191710 0.138889 0.211055 0.257143 0.410256 0.173554 0.191011 0.283871 0.311111 0.240260 0.156250 0.205128 0.172662 0.185897 0.214815 0.320513 0.187050 0.265734 0.220513 0.157895 0.426230 0.189542 0.354545 0.298611 0.321739 0.194030 0.176923 0.287671 0.168831 0.253731 0.175926 0.187500 0.194915 0.318182 0.209945 0.180451 0.186567 0.178295 0.211268 0.378788 0.185185 0.172222 0.211268 0.147826 0.170588 0.180723 0.165414 0.207547 0.172662 0.213542 0.244275 0.147541 0.237762 0.203125 0.354430 0.140496 0.190789 0.207650 0.225806 0.164474 0.166667 0.168224 0.176991 0.203791 0.441176 0.236842 0.533333 0.387097 0.182540 0.300699 0.284672 0.153409 0.436620 0.315068 0.222857 0.174129 0.279720 0.276730 0.302326 0.271523 0.281046 0.250000 0.276730 0.231156 0.283871 0.294521 0.270440 0.247191 0.133333 0.205405 0.281690 0.277419 0.213018
0.183673 0.166667 0.177083 0.355422 0.349398 0.425743 0.411215 0.448980 0.090909 0.131868 0.144509 0.258427 0.431373 0.000000 0.163462 1.000000 0.112360 0.000000 0.028571 0.507246 0.256637 0.185185 0.210526 0.000000 0.640777 0.110000 0.434426 0.642202 0.275000 0.208791 0.130841 0.201550 0.083333 0.178571 0.051948 0.632075 0.587719 0.542373 0.162500 0.119048 0.166667 0.116279 0.210526 0.054054 0.145570 0.116438 0.698795 0.000000 0.179688 0.518519 0.500000 0.511450 0.000000 0.359551 0.000000 0.388889 0.368421 0.013158 0.013514 0.630631 0.028571 0.025974 0.122302 0.429530 0.358974 0.544304 0.013514 0.171875 0.241176 0.214286 0.549451 0.567797 0.146199 0.400000 0.303030 0.445378 0.093458 0.170732 0.333333 0.222857 0.345865 0.407186 0.491667 0.076271 0.105882 0.136842 0.318627 0.161972 0.125786 0.262857 0.598291 0.316176 0.166667 0.289720 0.139130 0.270408 0.297619 0.061224 0.173913 0.300699 0.458647 0.103093 0.157534 0.424000 0.416667 0.085890 0.430464 0.331551 0.543478 0.347150 0.455224 0.172727 0.518868 0.375000 0.434211 0.410072 0.428571 0.353933 0.326923 0.368421 0.489051 0.297872 0.355422 0.572650 0.503759 0.324742 0.065574 0.247059 0.358108 0.208633 0.125683 0.540541 0.316176 0.333333 0.417808 0.344595 0.532787 0.520833 0.613208 0.684211 0.419118 0.400000 0.454545 0.318519 0.335938 0.552846 0.134021 0.352564 0.377246 0.552846 0.495050 0.238636 0.327160 0.392000 0.267281 0.309353 0.362162 0.410853 0.413580 0.173653 0.170732 0.166667 0.467290 0.503759 0.283422 0.089172 0.484848 0.479592 0.469388 0.295455 0.338235 0.160839 0.478571 0.155172 0.129032 0.448276 0.433566 0.523438 0.414013 0.186275 0.084906 0.412121 0.363636 0.402778 0.423077 0.113095 0.140541 0.162162 0.339744 0.423077 0.239437 0.217877 0.155556 0.151042 0.331492 0.329032 0.390805 0.405594 0.185792 0.454545
0.562500 0.488372 0.440000 0.179487 0.188312 0.197674 0.182796 0.202381 0.482759 0.771429 0.154412 0.203390 0.193182 0.033333 0.428571 0.112360 1.000000 0.000000 0.068966 0.151724 0.202381 0.617647 0.275862 0.000000 0.132743 0.346154 0.196429 0.095238 0.220000 0.437500 0.538462 0.239130 0.162791 0.348837 0.142857 0.137931 0.111111 0.110236 0.368421 0.127660 0.418182 0.617647 0.243902 0.193548 0.228070 0.129630 0.111111 0.000000 0.195652 0.188406 0.171642 0.171642 0.000000 0.116667 0.000000 0.160584 0.128000 0.090909 0.062500 0.138211 0.033333 0.055556 0.210526 0.139073 0.108911 0.157143 0.062500 0.297619 0.125828 0.244444 0.176471 0.133858 0.139706 0.114754 0.110169 0.169643 0.357143 0.271605 0.149123 0.161074 0.200000 0.134503 0.150000 0.246377 0.394737 0.675000 0.145729 0.240000 0.189655 0.111111 0.168000 0.140496 0.333333 0.113744 0.232877 0.112299 0.092593 0.235294 0.175439 0.132812 0.159091 0.320000 0.219048 0.151261 0.226891 0.192982 0.158940 0.118280 0.188235 0.106061 0.193798 0.257143 0.212121 0.111111 0.195946 0.230159 0.165517 0.098901 0.144828 0.119048 0.139860 0.109375 0.187097 0.134921 0.169118 0.130890 0.107914 0.326531 0.151079 0.270000 0.187050 0.192661 0.140496 0.119658 0.211679 0.112676 0.158730 0.179775 0.171171 0.155340 0.235772 0.152047 0.184211 0.122951 0.120690 0.162791 0.568182 0.133333 0.145455 0.162791 0.170213 0.085890 0.129870 0.136752 0.130435 0.119048 0.140541 0.194915 0.105882 0.156716 0.279070 0.268657 0.160000 0.152174 0.124294 0.203704 0.148148 0.130435 0.131868 0.114155 0.120773 0.237624 0.144828 0.453125 0.641026 0.133929 0.214815 0.166667 0.131250 0.379310 0.321429 0.136095 0.108808 0.210526 0.190789 0.247863 0.205674 0.200000 0.208633 0.190789 0.149485 0.187919 0.210145 0.192053 0.169591 0.092715 0.135593 0.221374 0.189189 0.129630
0.000000 0.000000 0.000000 0.000000 0.000000 0.000000 0.000000 0.000000 0.000000 0.000000 0.000000 0.000000 0.000000 0.000000 0.000000 0.000000 0.000000 1.000000 0.000000 0.000000 0.000000 0.000000 0.000000 0.000000 0.000000 0.000000 0.000000 0.000000 0.000000 0.000000 0.000000 0.000000 0.000000 0.000000 0.000000 0.000000 0.000000 0.000000 0.000000 0.000000 0.000000 0.000000 0.000000 0.000000 0.000000 0.000000 0.000000 0.000000 0.000000 0.000000 0.000000 0.000000 0.000000 0.000000 0.000000 0.000000 0.000000 0.000000 0.000000 0.000000 0.000000 0.000000 0.000000 0.000000 0.000000 0.000000 0.000000 0.000000 0.000000 0.000000 0.000000 0.000000 0.000000 0.000000 0.000000 0.000000 0.000000 0.000000 0.000000 0.000000 0.000000 0.000000 0.000000 0.000000 0.000000 0.000000 0.000000 0.000000 0.000000 0.000000 0.000000 0.000000 0.000000 0.000000 0.000000 0.000000 0.000000 0.000000 0.000000 0.000000 0.000000 0.000000 0.000000 0.000000 0.000000 0.000000 0.000000 0.000000 0.000000 0.000000 0.000000 0.000000 0.000000 0.000000 0.000000 0.000000 0.000000 0.000000 0.000000 0.000000 0.000000 0.000000 0.000000 0.000000 0.000000 0.005348 0.000000 0.000000 0.000000 0.000000 0.000000 0.000000 0.000000 0.000000 0.000000 0.000000 0.000000 0.000000 0.000000 0.000000 0.000000 0.000000 0.000000 0.000000 0.000000 0.000000 0.000000 0.000000 0.000000 0.000000 0.000000 0.000000 0.000000 0.000000 0.000000 0.000000 0.000000 0.000000 0.000000 0.000000 0.000000 0.000000 0.000000 0.000000 0.000000 0.000000 0.000000 0.000000 0.000000 0.000000 0.000000 0.000000 0.000000 0.000000 0.000000 0.000000 0.000000 0.000000 0.000000 0.000000 0.000000 0.000000 0.000000 0.000000 0.000000 0.000000 0.000000 0.000000 0.000000 0.000000 0.000000 0.000000 0.000000 0.000000 0.000000 0.000000 0.000000 0.000000 0.000000 0.000000
0.043478 0.057143 0.046512 0.012903 0.012987 0.027027 0.024691 0.027778 0.066667 0.060606 0.015625 0.047619 0.026316 0.000000 0.039216 0.028571 0.068966 0.000000 1.000000 0.014493 0.027778 0.076923 0.044444 0.000000 0.020202 0.048780 0.019048 0.018349 0.062500 0.050000 0.039216 0.023529 0.095238 0.068966 0.181818 0.019417 0.018018 0.017857 0.086957 0.083333 0.040816 0.076923 0.090909 0.000000 0.018018 0.021505 0.028169 0.000000 0.024691 0.014815 0.015625 0.015625 0.000000 0.011628 0.000000 0.015385 0.017857 0.000000 0.000000 0.018018 0.000000 0.000000 0.023256 0.013986 0.010256 0.038462 0.000000 0.025000 0.014184 0.024096 0.028169 0.017391 0.015873 0.011429 0.019608 0.019608 0.042553 0.027027 0.019608 0.013889 0.018349 0.012121 0.018349 0.035088 0.083333 0.052632 0.010050 0.021053 0.018349 0.013245 0.017094 0.018349 0.057143 0.009709 0.032787 0.011173 0.013514 0.058824 0.052632 0.017241 0.016129 0.054054 0.020202 0.018519 0.017094 0.018692 0.013699 0.011173 0.027778 0.010526 0.016000 0.033898 0.021978 0.012422 0.013514 0.015873 0.014286 0.011696 0.014599 0.017857 0.014925 0.017699 0.012903 0.017544 0.015385 0.010695 0.016000 0.055556 0.015267 0.020408 0.014706 0.019802 0.018349 0.019608 0.014599 0.015504 0.017094 0.026316 0.019802 0.022222 0.016260 0.011905 0.018868 0.018519 0.019802 0.016529 0.050000 0.014184 0.012500 0.016529 0.024691 0.013514 0.013793 0.019231 0.009756 0.017857 0.010989 0.017857 0.006250 0.015873 0.076923 0.035714 0.022989 0.015385 0.011765 0.019802 0.015873 0.026667 0.027027 0.009302 0.009852 0.020833 0.014599 0.031250 0.057143 0.020408 0.014815 0.016000 0.013158 0.039216 0.044444 0.012270 0.010811 0.015152 0.013158 0.017094 0.014184 0.013793 0.014388 0.013158 0.010309 0.013514 0.014493 0.013245 0.011696 0.014706 0.011628 0.015267 0.013605 0.012987
0.234899 0.193103 0.214765 0.550265 0.544974 0.316770 0.319277 0.337580 0.070423 0.163265 0.266667 0.184211 0.320988 0.014493 0.243421 0.507246 0.151724 0.000000 0.014493 1.000000 0.213873 0.171429 0.165605 0.007246 0.427711 0.217687 0.490798 0.436047 0.188811 0.227586 0.251656 0.343373 0.052980 0.136054 0.027586 0.535032 0.414773 0.396648 0.166667 0.109589 0.255034 0.154930 0.142857 0.042857 0.303665 0.215789 0.402685 0.000000 0.265896 0.560000 0.494382 0.502825 0.000000 0.519608 0.000000 0.440860 0.436782 0.050725 0.028777 0.556250 0.014493 0.027972 0.230769 0.502674 0.460526 0.310345 0.014184 0.329268 0.291667 0.339394 0.503597 0.405556 0.263158 0.416290 0.403509 0.472393 0.141975 0.284848 0.276596 0.323944 0.379888 0.594737 0.603896 0.133721 0.165468 0.197279 0.471616 0.294444 0.216749 0.356808 0.603774 0.300000 0.184932 0.457627 0.191617 0.408889 0.388350 0.081761 0.181208 0.257426 0.559524 0.174497 0.324022 0.576923 0.624204 0.195122 0.434343 0.516746 0.400000 0.407725 0.502857 0.223602 0.467949 0.502513 0.571429 0.534884 0.635294 0.464455 0.486486 0.358696 0.502762 0.450867 0.526042 0.415730 0.576471 0.484018 0.190045 0.183673 0.438503 0.303867 0.274419 0.503145 0.286458 0.297297 0.627219 0.475138 0.593750 0.475862 0.522293 0.433962 0.517442 0.522388 0.534591 0.430233 0.278075 0.541667 0.210884 0.524590 0.460784 0.541667 0.431373 0.349057 0.466321 0.466667 0.435146 0.262626 0.495327 0.543210 0.441748 0.269231 0.108108 0.227848 0.424051 0.488889 0.446009 0.183168 0.458564 0.331250 0.325000 0.395257 0.420833 0.322034 0.544944 0.262500 0.184932 0.522581 0.525140 0.502857 0.518325 0.285714 0.244898 0.601064 0.509346 0.569767 0.576087 0.237864 0.297674 0.310185 0.442708 0.576087 0.406780 0.355450 0.308057 0.295964 0.450704 0.397959 0.565657 0.545977 0.331776 0.520833
0.325843 0.273810 0.306818 0.233696 0.234973 0.553191 0.530000 0.548387 0.194444 0.235294 0.162791 0.357143 0.574468 0.000000 0.268041 0.256637 0.202381 0.000000 0.027778 0.213873 1.000000 0.195122 0.376471 0.000000 0.285714 0.164948 0.212329 0.425197 0.368421 0.349398 0.217822 0.226562 0.094118 0.328947 0.064103 0.232394 0.452381 0.437500 0.158537 0.129412 0.273684 0.195122 0.253333 0.111111 0.326087 0.057692 0.172131 0.000000 0.318966 0.310127 0.273885 0.273885 0.000000 0.178744 0.000000 0.147727 0.121951 0.025974 0.013158 0.270833 0.027778 0.051948 0.097222 0.174863 0.219178 0.362637 0.026667 0.225806 0.139037 0.270492 0.153226 0.385185 0.157895 0.320856 0.054545 0.234043 0.144231 0.247863 0.657143 0.213483 0.425197 0.234375 0.167742 0.121739 0.156627 0.279070 0.237443 0.314961 0.145570 0.103960 0.285714 0.616071 0.188889 0.177966 0.136752 0.162037 0.116751 0.092784 0.325301 0.606838 0.256410 0.112245 0.315385 0.250000 0.211538 0.104938 0.267442 0.189573 0.210084 0.253589 0.313333 0.336735 0.283465 0.147783 0.257143 0.261146 0.269461 0.157143 0.123656 0.171975 0.271605 0.075581 0.254144 0.291667 0.262500 0.282178 0.064865 0.500000 0.215569 0.478261 0.162011 0.320611 0.616071 0.596330 0.282209 0.129213 0.251656 0.174603 0.262774 0.306452 0.266234 0.230769 0.194631 0.084337 0.601852 0.245161 0.230769 0.189944 0.227513 0.253247 0.141791 0.067961 0.130208 0.135484 0.204348 0.600000 0.227053 0.210526 0.297753 0.222222 0.209877 0.319588 0.232558 0.320261 0.210000 0.116129 0.269231 0.547368 0.586957 0.226496 0.227679 0.235294 0.251497 0.295238 0.188889 0.140940 0.293750 0.304636 0.178947 0.308511 0.103774 0.236842 0.200935 0.221557 0.251397 0.145455 0.151351 0.166667 0.205714 0.251397 0.146552 0.145833 0.147541 0.161458 0.191176 0.142857 0.232323 0.237805 0.152632 0.313953
0.565217 0.386364 0.326923 0.145570 0.146497 0.190476 0.175824 0.195122 0.250000 0.638889 0.193798 0.283019 0.186047 0.037037 0.327586 0.185185 0.617647 0.000000 0.076923 0.171429 0.195122 1.000000 0.203390 0.000000 0.096491 0.313725 0.159292 0.134454 0.348837 0.346939 0.400000 0.290698 0.175000 0.341463 0.156250 0.151786 0.104839 0.095238 0.633333 0.136364 0.315789 0.444444 0.411765 0.133333 0.223214 0.133333 0.127907 0.000000 0.244186 0.183824 0.132353 0.132353 0.000000 0.106145 0.000000 0.114286 0.131148 0.064516 0.068966 0.181034 0.076923 0.060606 0.166667 0.173611 0.133333 0.258065 0.033333 0.308642 0.167832 0.282353 0.182927 0.110236 0.178295 0.122905 0.113043 0.122807 0.303571 0.333333 0.142857 0.156463 0.194690 0.150602 0.144068 0.202899 0.351351 0.560976 0.113861 0.260417 0.194690 0.092593 0.211864 0.134454 0.386364 0.110048 0.208333 0.102151 0.094340 0.250000 0.185185 0.126984 0.127820 0.340426 0.237624 0.126050 0.172131 0.146552 0.154362 0.108108 0.195122 0.085427 0.161538 0.214286 0.244681 0.113095 0.152318 0.178295 0.177305 0.100559 0.116438 0.121951 0.151079 0.112000 0.145570 0.102362 0.190840 0.126984 0.102190 0.240000 0.137681 0.265306 0.140845 0.154545 0.134454 0.142857 0.181159 0.107143 0.125984 0.186047 0.198113 0.115385 0.182540 0.141176 0.211009 0.126050 0.144144 0.204918 0.534884 0.128378 0.107143 0.204918 0.175824 0.087500 0.110390 0.140351 0.110577 0.131148 0.118280 0.159664 0.128049 0.134328 0.333333 0.223881 0.164948 0.164179 0.107345 0.154545 0.151515 0.188235 0.190476 0.095455 0.111650 0.244898 0.147887 0.343284 0.605263 0.127273 0.166667 0.126866 0.148387 0.350877 0.290909 0.152439 0.134409 0.161765 0.148387 0.172131 0.151724 0.171233 0.178571 0.148387 0.116751 0.144737 0.171429 0.156863 0.145349 0.087248 0.151163 0.171642 0.161074 0.125000
