1.000000 0.618287 0.372707 0.305003 0.302335 0.458127 0.358496 0.415200 0.409446 0.533698 0.258606 0.326224 0.450193 0.032287 0.360115 0.209032 0.511108 0.000000 0.053972 0.270552 0.312162 0.588361 0.434088 0.000000 0.324088 0.299820 0.122123 0.166202 0.390386 0.447633 0.352459 0.372296 0.034273 0.505384 0.022633 0.113724 0.119289 0.086260 0.396777 0.010538 0.425504 0.432967 0.478573 0.367793 0.429884 0.046249 0.105334 0.000000 0.303066 0.432616 0.214614 0.216743 0.000000 0.105008 0.000000 0.148807 0.074827 0.021744 0.017357 0.219056 0.146504 0.040054 0.069918 0.249387 0.204049 0.195589 0.015586 0.346749 0.159909 0.354100 0.115972 0.193554 0.219334 0.264996 0.051381 0.093883 0.076413 0.393442 0.288635 0.240008 0.422207 0.342199 0.170878 0.048464 0.125636 0.597252 0.278410 0.431865 0.135930 0.075345 0.315568 0.268320 0.233374 0.174653 0.070466 0.107769 0.050698 0.077907 0.044494 0.318969 0.268130 0.103128 0.386574 0.096319 0.259769 0.073951 0.232521 0.156044 0.122632 0.190944 0.232377 0.117959 0.271306 0.088141 0.255533 0.286898 0.311069 0.092481 0.071241 0.053607 0.125234 0.047574 0.235489 0.291257 0.275534 0.334641 0.044307 0.402012 0.102866 0.523724 0.157416 0.327590 0.268312 0.217894 0.290559 0.048440 0.181871 0.140821 0.195155 0.202668 0.291582 0.320934 0.191985 0.057109 0.219826 0.239213 0.476072 0.129382 0.127506 0.238375 0.104496 0.037564 0.055754 0.078030 0.155570 0.286713 0.249396 0.133583 0.195862 0.091015 0.107425 0.120603 0.102418 0.205949 0.086307 0.076766 0.105175 0.249524 0.252341 0.201797 0.214579 0.314035 0.188417 0.374535 0.410586 0.072816 0.341518 0.211004 0.164477 0.285574 0.066589 0.220851 0.193025 0.241873 0.251241 0.169694 0.181116 0.207155 0.249379 0.251241 0.182846 0.200049 0.200037 0.188301 0.274098 0.034912 0.341253 0.253158 0.202151 0.334107
0.618287 1.000000 0.575142 0.358769 0.362340 0.291580 0.260109 0.301251 0.509134 0.349356 0.145494 0.167462 0.286530 0.200487 0.542835 0.143449 0.377632 0.000000 0.070583 0.193990 0.257742 0.214784 0.324484 0.000000 0.241516 0.253532 0.205585 0.085880 0.168517 0.780135 0.448788 0.238176 0.044821 0.394423 0.013209 0.229416 0.135838 0.093099 0.456161 0.013782 0.639745 0.640600 0.187546 0.480989 0.321305 0.113570 0.118692 0.000000 0.277524 0.304594 0.316093 0.319228 0.000000 0.155833 0.000000 0.173411 0.044163 0.028436 0.022698 0.212316 0.191594 0.052382 0.095929 0.135409 0.107671 0.096917 0.020383 0.298625 0.138861 0.248619 0.261091 0.218549 0.146176 0.189609 0.095181 0.139454 0.089713 0.225879 0.209421 0.287517 0.329721 0.258235 0.242942 0.106439 0.279947 0.329268 0.216488 0.298134 0.104297 0.109749 0.214730 0.194682 0.459743 0.151587 0.157455 0.161904 0.033033 0.031759 0.160178 0.183495 0.380461 0.235794 0.342289 0.161760 0.328198 0.102666 0.154423 0.134659 0.064433 0.177697 0.271276 0.165195 0.069835 0.108097 0.288607 0.335318 0.238769 0.072469 0.096963 0.041485 0.104535 0.116824 0.275233 0.214245 0.223767 0.248313 0.063045 0.525739 0.086906 0.295844 0.235012 0.529834 0.194675 0.121434 0.307494 0.114803 0.250110 0.083113 0.078291 0.219631 0.340793 0.267836 0.061065 0.128572 0.122510 0.173247 0.271207 0.125717 0.132624 0.172640 0.061674 0.092243 0.095034 0.076239 0.150490 0.134797 0.305284 0.172869 0.120222 0.081156 0.059954 0.168898 0.060447 0.150517 0.135102 0.055903 0.060528 0.105132 0.106319 0.189912 0.233885 0.231099 0.269387 0.328479 0.285014 0.084028 0.313589 0.275415 0.048616 0.340787 0.178981 0.179358 0.157164 0.284703 0.283760 0.191123 0.197064 0.217901 0.226839 0.283760 0.205677 0.237073 0.221457 0.208464 0.223451 0.039777 0.247466 0.292639 0.216166 0.195963
0.372707 0.575142 1.000000 0.299332 0.302311 0.398478 0.254995 0.295328 0.409955 0.281302 0.138779 0.168298 0.391576 0.161432 0.652211 0.135804 0.395750 0.000000 0.056833 0.200072 0.252675 0.172944 0.451732 0.000000 0.237071 0.232773 0.272842 0.091653 0.179844 0.667457 0.387815 0.202757 0.036090 0.339680 0.010636 0.240847 0.191336 0.155077 0.312179 0.014389 0.662446 0.613223 0.178417 0.387293 0.317843 0.074962 0.127262 0.000000 0.233893 0.371220 0.314506 0.317625 0.000000 0.133056 0.000000 0.240994 0.045412 0.022897 0.018277 0.222894 0.154272 0.042178 0.112220 0.132659 0.080689 0.081988 0.016413 0.239575 0.091678 0.232257 0.192354 0.214252 0.139429 0.256194 0.067799 0.187628 0.072237 0.214273 0.330165 0.264075 0.284733 0.196436 0.164862 0.065430 0.178425 0.288134 0.272932 0.286822 0.113510 0.082037 0.184727 0.226754 0.264372 0.138729 0.126783 0.134531 0.033968 0.025573 0.111758 0.213725 0.242904 0.158521 0.245547 0.187895 0.356735 0.111792 0.247965 0.182664 0.055367 0.253825 0.227378 0.170416 0.084231 0.095340 0.319919 0.313842 0.202295 0.093433 0.100815 0.042659 0.144543 0.086068 0.299446 0.210033 0.207380 0.215372 0.050764 0.489958 0.093323 0.282811 0.209610 0.347627 0.226747 0.171047 0.299715 0.084903 0.303835 0.085464 0.101409 0.213663 0.318966 0.175884 0.060963 0.094723 0.172563 0.142760 0.239160 0.102705 0.130087 0.142260 0.063419 0.067958 0.098519 0.071662 0.184599 0.176353 0.207645 0.190059 0.118121 0.119848 0.048275 0.174237 0.062157 0.112799 0.144861 0.075248 0.112625 0.112198 0.113465 0.131077 0.158611 0.269237 0.241222 0.462135 0.229493 0.079495 0.302173 0.318680 0.062971 0.262072 0.119208 0.229677 0.133699 0.270353 0.314547 0.167571 0.171481 0.188164 0.228047 0.314547 0.189623 0.203786 0.191234 0.180015 0.253895 0.039991 0.188244 0.277889 0.186666 0.227152
0.305003 0.358769 0.299332 1.000000 0.988311 0.212731 0.189062 0.194298 0.182661 0.235277 0.392130 0.117968 0.209047 0.071928 0.479379 0.245424 0.318591 0.000000 0.025323 0.441982 0.206693 0.209171 0.238101 0.000000 0.338198 0.240531 0.422807 0.165830 0.134948 0.339751 0.381696 0.406696 0.016080 0.152928 0.004739 0.210777 0.206644 0.195111 0.215161 0.010114 0.471118 0.305116 0.081455 0.172564 0.300598 0.351220 0.167000 0.000000 0.230375 0.280863 0.294259 0.299696 0.000000 0.354179 0.000000 0.476099 0.394271 0.010202 0.027364 0.232180 0.068738 0.037793 0.399353 0.329819 0.380480 0.146759 0.007313 0.627724 0.345004 0.419517 0.387511 0.233769 0.369566 0.294218 0.399261 0.506747 0.221056 0.417263 0.235172 0.446735 0.272131 0.516848 0.457045 0.202616 0.162015 0.229259 0.539299 0.238983 0.428971 0.385950 0.280675 0.218620 0.178195 0.465303 0.349224 0.586174 0.378244 0.320677 0.136411 0.221084 0.569818 0.159304 0.321943 0.562690 0.759102 0.449207 0.315108 0.464540 0.249151 0.504023 0.450260 0.375718 0.251771 0.373557 0.434831 0.501079 0.440213 0.343941 0.533551 0.317321 0.242913 0.478985 0.624619 0.306239 0.335161 0.520976 0.294184 0.296380 0.431270 0.278523 0.380927 0.357471 0.218613 0.199295 0.628426 0.403416 0.570688 0.397525 0.251737 0.393176 0.482683 0.411521 0.498871 0.409388 0.201061 0.243794 0.227291 0.400538 0.346970 0.268192 0.260066 0.420726 0.401539 0.328852 0.444578 0.207941 0.474558 0.567933 0.206722 0.474745 0.046817 0.299515 0.282529 0.269281 0.501428 0.440697 0.174422 0.137335 0.135494 0.479879 0.513232 0.592214 0.326429 0.360861 0.228473 0.498920 0.448015 0.272219 0.343121 0.295034 0.231196 0.473773 0.337779 0.533809 0.497964 0.397622 0.451111 0.450412 0.413990 0.497964 0.528136 0.490303 0.464004 0.474445 0.448584 0.302031 0.542380 0.552190 0.451949 0.398387
0.302335 0.362340 0.302311 0.988311 1.000000 0.210475 0.187043 0.191713 0.194019 0.229982 0.391913 0.110680 0.206830 0.072644 0.484151 0.237913 0.327415 0.000000 0.025575 0.441474 0.204884 0.201559 0.240471 0.000000 0.341564 0.234042 0.429553 0.164103 0.125125 0.343133 0.388832 0.404904 0.016240 0.147604 0.010725 0.212875 0.211043 0.199342 0.200941 0.010215 0.475807 0.308153 0.067956 0.174282 0.300858 0.354716 0.168662 0.000000 0.227119 0.280696 0.297188 0.302680 0.000000 0.355311 0.000000 0.480838 0.400445 0.010304 0.027636 0.228681 0.069422 0.038169 0.403328 0.330430 0.382143 0.141567 0.007386 0.630303 0.346058 0.420066 0.395941 0.232817 0.369105 0.294884 0.403235 0.511792 0.226227 0.415244 0.234371 0.447062 0.271632 0.519420 0.464071 0.207079 0.169297 0.224410 0.542530 0.238337 0.428762 0.387426 0.279981 0.217876 0.179968 0.467897 0.352700 0.593550 0.383692 0.327380 0.137769 0.220532 0.577664 0.160890 0.320135 0.570902 0.766658 0.455475 0.315542 0.466905 0.255652 0.510533 0.451516 0.382655 0.249779 0.377275 0.441081 0.508300 0.441635 0.345035 0.538862 0.322593 0.247325 0.483753 0.632670 0.311488 0.335261 0.523893 0.298651 0.299330 0.437559 0.278077 0.386331 0.361029 0.217869 0.198222 0.631480 0.407432 0.572911 0.405716 0.250011 0.389748 0.489758 0.411455 0.499904 0.415715 0.199979 0.242913 0.223112 0.406367 0.352183 0.267565 0.265797 0.424914 0.405536 0.334472 0.450396 0.207181 0.480841 0.576178 0.206369 0.479470 0.040742 0.305765 0.288421 0.271962 0.508053 0.446948 0.173077 0.134568 0.132661 0.482685 0.516265 0.592767 0.326707 0.367369 0.223908 0.503887 0.454563 0.277057 0.343909 0.292468 0.233498 0.475894 0.338883 0.539123 0.504811 0.403305 0.453243 0.452555 0.415388 0.504811 0.534804 0.495183 0.466244 0.476928 0.435832 0.306856 0.545313 0.559839 0.452536 0.399659
0.458127 0.291580 0.398478 0.212731 0.210475 1.000000 0.711114 0.823593 0.313979 0.233679 0.117433 0.254981 0.982681 0.000000 0.238886 0.418493 0.191784 0.000000 0.041388 0.260404 0.535194 0.216122 0.399833 0.000000 0.423775 0.194104 0.207810 0.481919 0.305723 0.402285 0.172361 0.180748 0.026282 0.387548 0.017356 0.236561 0.456047 0.406500 0.200923 0.013926 0.242635 0.238681 0.294427 0.282038 0.325848 0.028615 0.265359 0.000000 0.205432 0.418343 0.316095 0.323347 0.000000 0.150925 0.000000 0.179978 0.081824 0.009949 0.004253 0.285712 0.112345 0.061769 0.034872 0.207540 0.235197 0.411802 0.011952 0.156183 0.116248 0.206356 0.140580 0.353765 0.109146 0.360484 0.038371 0.207089 0.048949 0.176665 0.587633 0.242311 0.488024 0.326463 0.218794 0.039318 0.078762 0.285608 0.333972 0.269991 0.086985 0.078496 0.297203 0.517654 0.111445 0.157618 0.056188 0.126121 0.065677 0.019578 0.114393 0.538571 0.307539 0.029227 0.210526 0.194648 0.219732 0.038699 0.334366 0.214852 0.174579 0.318836 0.325804 0.163600 0.271479 0.112156 0.314882 0.266801 0.287078 0.122226 0.066208 0.099567 0.213330 0.046079 0.247410 0.390482 0.304693 0.333039 0.019397 0.523276 0.152142 0.410873 0.126934 0.343624 0.517638 0.468661 0.271942 0.069046 0.295005 0.149205 0.277220 0.367026 0.271157 0.234580 0.187331 0.049703 0.472815 0.268035 0.206898 0.127053 0.215877 0.251049 0.092514 0.037149 0.062942 0.064540 0.174765 0.522031 0.241771 0.149878 0.236006 0.138582 0.105905 0.167894 0.133730 0.233105 0.169848 0.041204 0.234579 0.540324 0.520026 0.237570 0.244859 0.250050 0.270366 0.245546 0.149023 0.078195 0.372378 0.327107 0.162028 0.188619 0.018294 0.248946 0.198142 0.267267 0.298969 0.115813 0.134522 0.174154 0.249209 0.298969 0.165775 0.182728 0.161789 0.159033 0.303670 0.073573 0.332930 0.283923 0.172306 0.434501
0.358496 0.260109 0.254995 0.189062 0.187043 0.711114 1.000000 0.863429 0.280090 0.281414 0.226220 0.436830 0.714033 0.000000 0.213102 0.394264 0.171084 0.000000 0.036921 0.264819 0.522903 0.192795 0.349339 0.000000 0.351354 0.128785 0.125323 0.462700 0.485714 0.329300 0.153757 0.304099 0.023445 0.345719 0.015482 0.247208 0.384599 0.340900 0.179237 0.012423 0.216446 0.212919 0.327378 0.251597 0.349308 0.025526 0.304454 0.000000 0.349631 0.422621 0.364677 0.371967 0.000000 0.186185 0.000000 0.160552 0.099289 0.008875 0.003794 0.372894 0.100219 0.055102 0.031108 0.243547 0.309248 0.367355 0.010662 0.139326 0.103701 0.304257 0.125407 0.359234 0.199558 0.381851 0.034229 0.183871 0.043666 0.308571 0.536272 0.235192 0.529687 0.276868 0.217476 0.035074 0.070261 0.322907 0.302481 0.319824 0.088352 0.079591 0.382907 0.498528 0.099416 0.204815 0.050123 0.113023 0.058588 0.017465 0.102046 0.584720 0.259493 0.026073 0.338096 0.142293 0.167024 0.034522 0.259567 0.202731 0.155736 0.308827 0.360511 0.127755 0.285147 0.166253 0.297586 0.237287 0.341122 0.150947 0.059062 0.088820 0.218572 0.041105 0.210276 0.380554 0.321262 0.322984 0.036296 0.429894 0.111759 0.461199 0.113233 0.288042 0.498512 0.427337 0.258191 0.061594 0.280013 0.133100 0.336593 0.348650 0.241161 0.241623 0.236164 0.044338 0.431125 0.328587 0.210625 0.113339 0.262074 0.396414 0.082528 0.033139 0.056148 0.057574 0.208807 0.572873 0.316073 0.118958 0.393783 0.102076 0.147288 0.149772 0.119296 0.285612 0.131898 0.036757 0.275617 0.581496 0.579333 0.238184 0.234662 0.158655 0.283085 0.253123 0.160604 0.069755 0.292244 0.296420 0.178957 0.232458 0.016320 0.270913 0.237827 0.213270 0.261020 0.124605 0.158807 0.177717 0.222717 0.261020 0.147882 0.163005 0.144326 0.141868 0.259733 0.065632 0.283237 0.227427 0.153708 0.418139
0.415200 0.301251 0.295328 0.194298 0.191713 0.823593 0.863429 1.000000 0.324393 0.241430 0.165784 0.354727 0.826973 0.000000 0.246809 0.456626 0.198145 0.000000 0.042760 0.306707 0.531992 0.223290 0.359727 0.000000 0.380873 0.100282 0.145146 0.511767 0.436338 0.381387 0.178077 0.249755 0.027153 0.400402 0.017931 0.259702 0.421015 0.370953 0.207587 0.014388 0.250682 0.246597 0.379161 0.291393 0.294364 0.029564 0.318642 0.000000 0.272115 0.411896 0.338668 0.346280 0.000000 0.165756 0.000000 0.185947 0.084538 0.010279 0.004394 0.341589 0.116071 0.063818 0.036029 0.262991 0.251719 0.425460 0.012349 0.161363 0.120104 0.245209 0.145243 0.347731 0.134453 0.314434 0.039644 0.176425 0.050573 0.249116 0.586337 0.248455 0.484139 0.250639 0.226050 0.040622 0.081374 0.295081 0.251441 0.248431 0.089870 0.081099 0.352160 0.545070 0.115141 0.162846 0.058051 0.108878 0.067855 0.020228 0.118187 0.513749 0.300538 0.030197 0.271592 0.164800 0.193442 0.039982 0.227064 0.166777 0.180369 0.256023 0.319125 0.147962 0.280483 0.125924 0.298588 0.244585 0.334881 0.126280 0.068404 0.102869 0.232356 0.047607 0.243536 0.353267 0.283970 0.308683 0.020040 0.497892 0.129436 0.404358 0.131144 0.333603 0.545052 0.494930 0.263616 0.071336 0.286055 0.154153 0.303785 0.355585 0.248578 0.252503 0.193544 0.051351 0.499317 0.290506 0.213760 0.131267 0.233584 0.272909 0.095582 0.038381 0.065030 0.066680 0.180561 0.495470 0.237449 0.137774 0.297553 0.118222 0.170585 0.173462 0.138165 0.253028 0.152761 0.042571 0.255006 0.594739 0.591345 0.234772 0.241729 0.183750 0.265922 0.253690 0.153965 0.080788 0.310194 0.321112 0.178189 0.243445 0.018901 0.243143 0.213983 0.247004 0.282597 0.119654 0.138984 0.179930 0.245185 0.282597 0.171273 0.188788 0.167155 0.164308 0.237504 0.076013 0.260935 0.263400 0.178021 0.420368
0.409446 0.509134 0.409955 0.182661 0.194019 0.313979 0.280090 0.324393 1.000000 0.548209 0.020921 0.117230 0.308541 0.000000 0.360396 0.037896 0.592579 0.000000 0.065143 0.052274 0.277541 0.096398 0.332231 0.000000 0.249056 0.094619 0.071640 0.040815 0.056696 0.517943 0.349677 0.043690 0.032693 0.491484 0.049805 0.031874 0.073435 0.071782 0.062290 0.013982 0.366051 0.598662 0.072659 0.622470 0.196164 0.007324 0.040692 0.000000 0.076882 0.212682 0.209859 0.211940 0.000000 0.051399 0.000000 0.195931 0.019881 0.031686 0.013545 0.029498 0.038745 0.027068 0.049780 0.032286 0.025672 0.066156 0.038067 0.078815 0.023667 0.077884 0.040402 0.235337 0.021019 0.082065 0.008326 0.070721 0.093144 0.046171 0.225509 0.166904 0.230226 0.055245 0.077669 0.076709 0.177784 0.511908 0.153382 0.109695 0.047717 0.109250 0.042143 0.209637 0.051515 0.043767 0.061814 0.043498 0.014871 0.024342 0.016216 0.197591 0.227850 0.031234 0.097396 0.081860 0.240628 0.054567 0.058036 0.048515 0.035524 0.156395 0.231603 0.100251 0.044726 0.015700 0.201518 0.234135 0.141284 0.028145 0.042644 0.018676 0.035179 0.007533 0.192180 0.230703 0.069513 0.162806 0.019139 0.538291 0.056341 0.231045 0.168986 0.269756 0.209630 0.065648 0.229763 0.015924 0.248153 0.037416 0.042079 0.297418 0.237957 0.168647 0.039109 0.019896 0.066230 0.039978 0.307438 0.057782 0.184452 0.039838 0.027764 0.005948 0.041251 0.020732 0.073764 0.102601 0.163468 0.073166 0.029132 0.047026 0.079042 0.102498 0.027212 0.025406 0.051232 0.056644 0.037227 0.049964 0.050529 0.141429 0.149036 0.056896 0.063826 0.305655 0.326400 0.035241 0.218962 0.223117 0.026129 0.262626 0.048571 0.055718 0.027285 0.208739 0.198134 0.180829 0.169270 0.168022 0.195500 0.198134 0.147893 0.162086 0.170763 0.160745 0.166965 0.024392 0.052941 0.225652 0.158489 0.193359
0.533698 0.349356 0.281302 0.235277 0.229982 0.233679 0.281414 0.241430 0.548209 1.000000 0.189796 0.217842 0.229632 0.043229 0.312423 0.090971 0.684326 0.000000 0.072263 0.165498 0.206560 0.578435 0.188028 0.000000 0.139181 0.207909 0.100189 0.069908 0.109827 0.355401 0.368563 0.276712 0.019922 0.344857 0.030303 0.052563 0.051894 0.050726 0.321559 0.011686 0.306812 0.494189 0.137528 0.341244 0.338049 0.045400 0.025757 0.000000 0.265577 0.262274 0.233386 0.235701 0.000000 0.097869 0.000000 0.146919 0.081494 0.029113 0.023239 0.121213 0.021241 0.014839 0.070636 0.143221 0.150735 0.129894 0.020869 0.215615 0.094725 0.227127 0.117290 0.174547 0.136482 0.161194 0.050009 0.065880 0.102310 0.292428 0.226574 0.175490 0.290904 0.204872 0.067459 0.064889 0.131022 0.933782 0.279787 0.315299 0.126239 0.106150 0.194590 0.210627 0.084953 0.210654 0.076480 0.077113 0.053899 0.115546 0.054619 0.198524 0.146745 0.095801 0.304376 0.079454 0.259918 0.079881 0.279333 0.108726 0.158483 0.141463 0.389857 0.097304 0.436490 0.178073 0.238872 0.277533 0.278373 0.155866 0.080036 0.060980 0.088219 0.046700 0.227802 0.190459 0.257786 0.167153 0.052213 0.321933 0.099881 0.368395 0.131343 0.185101 0.210621 0.079007 0.419116 0.048842 0.254567 0.166920 0.247545 0.296294 0.282065 0.318760 0.381674 0.057759 0.079708 0.246452 0.689123 0.109538 0.191409 0.245588 0.123863 0.036874 0.059802 0.092492 0.205038 0.148965 0.257407 0.129708 0.136568 0.087825 0.121048 0.099485 0.121400 0.149768 0.084572 0.082921 0.132414 0.085580 0.086546 0.182044 0.169453 0.187078 0.121532 0.352978 0.716635 0.075038 0.259548 0.169848 0.255001 0.336736 0.089156 0.206625 0.205426 0.254307 0.234860 0.208827 0.211871 0.267906 0.327255 0.234860 0.175306 0.197471 0.208527 0.201201 0.266221 0.031638 0.214169 0.267478 0.212774 0.180501
0.258606 0.145494 0.138779 0.392130 0.391913 0.117433 0.226220 0.165784 0.020921 0.189796 1.000000 0.299661 0.115400 0.065735 0.281441 0.111436 0.127518 0.000000 0.023142 0.221159 0.121809 0.246274 0.183148 0.000000 0.065542 0.166743 0.066261 0.089625 0.321156 0.129305 0.116590 0.588782 0.014696 0.198324 0.004331 0.131718 0.053704 0.046207 0.198185 0.007315 0.147701 0.119054 0.287936 0.060668 0.271534 0.648273 0.086798 0.000000 0.315272 0.229833 0.117992 0.119162 0.000000 0.426937 0.000000 0.410949 0.469080 0.009323 0.025007 0.205355 0.062819 0.034539 0.496743 0.514390 0.422946 0.088467 0.006683 0.474897 0.686932 0.480029 0.097332 0.057743 0.969951 0.174217 0.508592 0.216583 0.213194 0.624634 0.134885 0.832995 0.242307 0.275519 0.219799 0.213042 0.059004 0.221144 0.298588 0.310646 0.780296 0.543785 0.186178 0.125391 0.129575 0.609019 0.339678 0.631360 0.498548 0.470292 0.055865 0.186610 0.231941 0.100138 0.322125 0.134761 0.179322 0.674438 0.112853 0.172203 0.065064 0.435908 0.176318 0.262299 0.163122 0.283648 0.175098 0.179878 0.308436 0.399977 0.364384 0.416200 0.152044 0.362617 0.298352 0.084617 0.219072 0.461328 0.696881 0.094311 0.171524 0.317980 0.402148 0.096383 0.125387 0.112947 0.270004 0.224602 0.164353 0.141134 0.185913 0.071084 0.167748 0.450385 0.335452 0.488025 0.113949 0.213731 0.239559 0.166698 0.390859 0.236060 0.099517 0.593351 0.406976 0.159579 0.434950 0.191813 0.192374 0.227967 0.220077 0.603348 0.088269 0.163500 0.097537 0.124887 0.442861 0.708335 0.139947 0.144165 0.145793 0.581625 0.602392 0.366732 0.194741 0.194182 0.213664 0.270166 0.170985 0.129514 0.439979 0.178896 0.123707 0.309315 0.457125 0.181008 0.192091 0.395065 0.441363 0.434812 0.201390 0.192091 0.502599 0.429032 0.423160 0.409594 0.252047 0.342747 0.327216 0.186053 0.440062 0.448378
0.326224 0.167462 0.168298 0.117968 0.110680 0.254981 0.436830 0.354727 0.117230 0.217842 0.299661 1.000000 0.250565 0.000000 0.133708 0.227302 0.076044 0.000000 0.047522 0.184419 0.309293 0.235821 0.402041 0.000000 0.153098 0.055969 0.029062 0.166769 0.757749 0.221815 0.099601 0.424741 0.030177 0.443755 0.008894 0.175641 0.092793 0.077791 0.230705 0.018980 0.135806 0.132041 0.591271 0.207261 0.544116 0.005789 0.177006 0.000000 0.655819 0.356123 0.182285 0.184092 0.000000 0.058700 0.000000 0.041895 0.012297 0.011423 0.004883 0.348044 0.128998 0.070925 0.011388 0.166040 0.190290 0.175391 0.013724 0.231537 0.082265 0.406662 0.024989 0.133775 0.265382 0.450594 0.008945 0.023319 0.016830 0.448865 0.286919 0.134955 0.638599 0.235252 0.098142 0.012719 0.051872 0.277705 0.111953 0.602307 0.163035 0.045018 0.280212 0.266725 0.127964 0.135902 0.014141 0.011577 0.009198 0.009100 0.024069 0.427473 0.107602 0.033559 0.592438 0.059510 0.062261 0.011712 0.095942 0.064736 0.021972 0.128845 0.169417 0.027623 0.199186 0.091564 0.102740 0.092401 0.297704 0.057127 0.013021 0.011551 0.165454 0.011181 0.116711 0.188663 0.282643 0.203679 0.006970 0.263100 0.014995 0.640870 0.111290 0.117657 0.266716 0.225306 0.155803 0.025343 0.131832 0.023142 0.219447 0.166175 0.093909 0.170261 0.096200 0.012306 0.227303 0.288894 0.205196 0.051543 0.097505 0.371264 0.017172 0.008829 0.013430 0.012823 0.159840 0.506028 0.159532 0.056157 0.334411 0.040910 0.181258 0.074513 0.016831 0.172241 0.037244 0.012158 0.148729 0.332215 0.335966 0.195313 0.087186 0.113499 0.195146 0.107823 0.146604 0.018128 0.103405 0.175917 0.110793 0.223081 0.014601 0.226550 0.206494 0.066640 0.101015 0.035691 0.040792 0.093376 0.099981 0.101015 0.099532 0.059644 0.056404 0.053095 0.119494 0.012939 0.225441 0.068497 0.110522 0.255926
0.450193 0.286530 0.391576 0.209047 0.206830 0.982681 0.714033 0.826973 0.308541 0.229632 0.115400 0.250565 1.000000 0.000000 0.234749 0.434313 0.188462 0.000000 0.040671 0.267267 0.556813 0.212379 0.392908 0.000000 0.430682 0.190742 0.204211 0.500557 0.300428 0.395318 0.169376 0.177618 0.025826 0.380836 0.017055 0.247012 0.475467 0.426162 0.197443 0.013685 0.238433 0.234547 0.289328 0.277154 0.320205 0.028119 0.260763 0.000000 0.201874 0.422666 0.322626 0.329871 0.000000 0.167432 0.000000 0.176861 0.080407 0.009776 0.004179 0.294227 0.110400 0.060699 0.034268 0.203946 0.248097 0.431845 0.011745 0.153478 0.114235 0.202782 0.138146 0.373829 0.107256 0.372320 0.037706 0.219599 0.048101 0.173605 0.602553 0.238114 0.505195 0.330853 0.215005 0.038637 0.077398 0.280662 0.336530 0.265315 0.085479 0.077137 0.319919 0.532020 0.109515 0.154888 0.055215 0.133125 0.074578 0.019239 0.138679 0.551234 0.314605 0.028721 0.206880 0.206847 0.215926 0.038028 0.350165 0.219951 0.195535 0.330720 0.345937 0.179834 0.285150 0.119770 0.309429 0.262180 0.293665 0.129623 0.065062 0.110449 0.232893 0.045281 0.254061 0.396267 0.299416 0.345390 0.019061 0.545005 0.161409 0.429471 0.124735 0.369247 0.532003 0.484965 0.279729 0.067850 0.303392 0.146621 0.306226 0.377683 0.266461 0.250257 0.184086 0.048842 0.489264 0.276310 0.203315 0.124852 0.232666 0.259573 0.090911 0.036505 0.072512 0.063422 0.180046 0.535593 0.246475 0.162738 0.251179 0.136182 0.104071 0.164986 0.149782 0.252795 0.176651 0.040490 0.255129 0.547855 0.544426 0.249195 0.257205 0.245719 0.265683 0.241294 0.146442 0.076841 0.390298 0.346272 0.180215 0.185352 0.017978 0.254764 0.212749 0.262638 0.293792 0.113807 0.132193 0.171138 0.244893 0.293792 0.162904 0.179563 0.158987 0.156279 0.298411 0.083144 0.336789 0.279005 0.169322 0.448496
0.032287 0.200487 0.161432 0.071928 0.072644 0.000000 0.000000 0.000000 0.000000 0.043229 0.065735 0.000000 0.000000 1.000000 0.141917 0.000000 0.046728 0.000000 0.000000 0.078290 0.000000 0.054876 0.000000 0.000000 0.000000 0.141708 0.099583 0.000000 0.000000 0.203956 0.130926 0.093173 0.000000 0.000000 0.000000 0.100150 0.000000 0.000000 0.261015 0.000000 0.144144 0.235741 0.000000 0.000000 0.073447 0.078061 0.000000 0.000000 0.088526 0.079632 0.082638 0.083458 0.000000 0.064328 0.000000 0.016249 0.018598 0.057209 0.077041 0.092685 0.000000 0.000000 0.084648 0.015125 0.012026 0.000000 0.000000 0.098639 0.063970 0.097475 0.179458 0.000000 0.066043 0.060823 0.088747 0.105916 0.116572 0.098465 0.000000 0.065724 0.086201 0.069141 0.097205 0.096004 0.222502 0.040367 0.057429 0.081302 0.071464 0.063573 0.093739 0.000000 0.161862 0.054776 0.105111 0.060464 0.013911 0.029019 0.172847 0.000000 0.085311 0.148405 0.079970 0.102450 0.094755 0.070486 0.072634 0.060718 0.033232 0.058557 0.086717 0.125467 0.025461 0.065787 0.075452 0.087664 0.079570 0.062603 0.072514 0.017470 0.016480 0.080297 0.071956 0.000000 0.086998 0.060958 0.060393 0.000000 0.016494 0.018219 0.063272 0.106225 0.000000 0.000000 0.086028 0.075661 0.092913 0.035001 0.023954 0.000000 0.089096 0.013986 0.022264 0.088373 0.000000 0.088922 0.173146 0.072316 0.014545 0.088610 0.025972 0.063402 0.070145 0.092088 0.054671 0.000000 0.061205 0.101703 0.013647 0.014833 0.000000 0.128280 0.025456 0.016812 0.064118 0.015410 0.017439 0.000000 0.000000 0.052954 0.055802 0.085211 0.079881 0.024102 0.183825 0.106085 0.081984 0.083539 0.014875 0.147909 0.117943 0.069732 0.060689 0.082197 0.074185 0.067706 0.063378 0.062911 0.073199 0.074185 0.055374 0.063826 0.063937 0.060186 0.062515 0.071366 0.066257 0.084488 0.062410 0.015247
0.360115 0.542835 0.652211 0.479379 0.484151 0.238886 0.213102 0.246809 0.360396 0.312423 0.281441 0.133708 0.234749 0.141917 1.000000 0.119387 0.418307 0.000000 0.049963 0.244927 0.211163 0.234711 0.265844 0.000000 0.198063 0.337410 0.250739 0.070993 0.139304 0.624634 0.456637 0.381154 0.031727 0.279197 0.009350 0.219756 0.121553 0.090728 0.392554 0.012650 0.717423 0.602002 0.132757 0.340474 0.311863 0.230427 0.098385 0.000000 0.309511 0.286486 0.336629 0.339967 0.000000 0.175157 0.000000 0.260429 0.138294 0.020129 0.053989 0.228110 0.135622 0.037079 0.168439 0.179967 0.163295 0.072077 0.014429 0.496735 0.225434 0.241449 0.279804 0.179053 0.265136 0.190418 0.149243 0.226284 0.316805 0.418211 0.171575 0.353177 0.313048 0.205863 0.166492 0.217706 0.198164 0.293890 0.295118 0.291157 0.261593 0.206110 0.208202 0.159499 0.262462 0.264986 0.339853 0.266393 0.179416 0.321885 0.146108 0.150334 0.250308 0.189778 0.313748 0.209335 0.379734 0.257868 0.152429 0.197924 0.056631 0.300621 0.260406 0.379516 0.099649 0.233085 0.347785 0.362463 0.248011 0.155471 0.241463 0.217750 0.152555 0.272376 0.479562 0.175527 0.259032 0.265330 0.181366 0.430728 0.145560 0.308851 0.350917 0.325324 0.159494 0.108664 0.348427 0.132502 0.292832 0.146797 0.126194 0.187834 0.368380 0.220085 0.138348 0.172534 0.109627 0.194702 0.264864 0.133123 0.156849 0.194020 0.061971 0.215066 0.157459 0.112255 0.260861 0.116433 0.218797 0.240365 0.124946 0.258395 0.042439 0.215758 0.060738 0.146464 0.254016 0.231816 0.103031 0.086907 0.087888 0.229538 0.265781 0.492853 0.222490 0.486159 0.279132 0.131321 0.346595 0.325424 0.124979 0.336965 0.184235 0.243216 0.188627 0.318832 0.341944 0.350852 0.341278 0.354540 0.243836 0.341944 0.327323 0.371027 0.360325 0.339186 0.291850 0.093991 0.200208 0.327719 0.351717 0.244232
0.209032 0.143449 0.135804 0.245424 0.237913 0.418493 0.394264 0.456626 0.037896 0.090971 0.111436 0.227302 0.434313 0.000000 0.119387 1.000000 0.030192 0.000000 0.055906 0.493016 0.221323 0.277422 0.128131 0.000000 0.552675 0.061058 0.259331 0.571695 0.295766 0.206465 0.082199 0.159297 0.030255 0.230196 0.010463 0.565778 0.519209 0.438221 0.271403 0.022329 0.121260 0.092363 0.288775 0.132482 0.123679 0.039473 0.642409 0.000000 0.149069 0.501469 0.461344 0.471480 0.000000 0.314283 0.000000 0.323480 0.218926 0.004266 0.005745 0.583666 0.151754 0.033653 0.037753 0.415459 0.359595 0.546685 0.005125 0.144240 0.193321 0.170675 0.456317 0.472721 0.111958 0.383025 0.179507 0.275825 0.015863 0.148962 0.231644 0.166001 0.301455 0.392530 0.489760 0.011721 0.053509 0.087358 0.290347 0.136906 0.086723 0.146585 0.590303 0.215340 0.115813 0.259590 0.036375 0.157459 0.167957 0.010706 0.070874 0.202966 0.451930 0.034468 0.134662 0.266799 0.273349 0.019338 0.367222 0.289545 0.401221 0.330810 0.340703 0.059153 0.351957 0.312400 0.411188 0.277986 0.339167 0.293359 0.184176 0.205401 0.442046 0.165807 0.245718 0.487987 0.476539 0.259834 0.017175 0.268707 0.203950 0.184245 0.065467 0.383952 0.215333 0.225405 0.320290 0.193574 0.469746 0.422581 0.575033 0.592117 0.282524 0.367574 0.307757 0.187670 0.227403 0.504833 0.078917 0.208617 0.327951 0.503064 0.313577 0.131954 0.182669 0.228020 0.179050 0.208625 0.345769 0.264853 0.384415 0.070833 0.095546 0.053335 0.307341 0.450965 0.166974 0.020074 0.404552 0.420082 0.411608 0.267722 0.332381 0.122744 0.446266 0.100711 0.081471 0.273697 0.340656 0.471940 0.357074 0.119482 0.013194 0.395889 0.344546 0.311754 0.404283 0.057645 0.082586 0.136850 0.266648 0.404283 0.175173 0.184448 0.124526 0.120686 0.318896 0.182586 0.376160 0.320444 0.151008 0.455909
0.511108 0.377632 0.395750 0.318591 0.327415 0.191784 0.171084 0.198145 0.592579 0.684326 0.127518 0.076044 0.188462 0.046728 0.418307 0.030192 1.000000 0.000000 0.078112 0.145297 0.169527 0.513441 0.203246 0.000000 0.150445 0.244408 0.216344 0.028608 0.042274 0.384165 0.551987 0.189062 0.021534 0.293803 0.032756 0.056817 0.047993 0.046912 0.235580 0.012632 0.413507 0.668070 0.050694 0.368862 0.223492 0.049074 0.027842 0.000000 0.116020 0.242311 0.237066 0.239417 0.000000 0.067322 0.000000 0.158810 0.088090 0.031469 0.025120 0.091252 0.022960 0.016040 0.175657 0.123996 0.115216 0.047913 0.022558 0.306457 0.069303 0.130383 0.126783 0.143748 0.069525 0.097042 0.054057 0.195467 0.110591 0.199800 0.137745 0.155698 0.205038 0.133698 0.072919 0.070141 0.141626 0.639011 0.258838 0.183723 0.166873 0.082328 0.161853 0.128050 0.091828 0.121864 0.082670 0.078025 0.058261 0.112752 0.043804 0.120692 0.158622 0.103554 0.174490 0.076854 0.392115 0.169036 0.161595 0.081217 0.157402 0.108878 0.253853 0.094120 0.238223 0.093599 0.340070 0.395111 0.199911 0.089538 0.171583 0.058604 0.088462 0.050480 0.324312 0.140918 0.168229 0.149151 0.056438 0.329305 0.101062 0.288412 0.210623 0.200082 0.128046 0.042904 0.387734 0.052795 0.165431 0.165781 0.123219 0.181948 0.401562 0.216239 0.208306 0.062433 0.043284 0.153536 0.485410 0.118404 0.148879 0.152998 0.123018 0.039858 0.104479 0.091861 0.203592 0.064503 0.186241 0.250553 0.071089 0.088726 0.055403 0.096230 0.120572 0.154854 0.085765 0.175469 0.093613 0.035021 0.035417 0.129567 0.136536 0.258108 0.083599 0.515805 0.515348 0.081112 0.369507 0.231039 0.139172 0.240388 0.096372 0.134842 0.104787 0.364074 0.334359 0.305157 0.285649 0.283543 0.329914 0.334359 0.249575 0.282705 0.288170 0.271264 0.281761 0.034199 0.147407 0.380797 0.276429 0.134611
0.000000 0.000000 0.000000 0.000000 0.000000 0.000000 0.000000 0.000000 0.000000 0.000000 0.000000 0.000000 0.000000 0.000000 0.000000 0.000000 0.000000 1.000000 0.000000 0.000000 0.000000 0.000000 0.000000 0.000000 0.000000 0.000000 0.000000 0.000000 0.000000 0.000000 0.000000 0.000000 0.000000 0.000000 0.000000 0.000000 0.000000 0.000000 0.000000 0.000000 0.000000 0.000000 0.000000 0.000000 0.000000 0.000000 0.000000 0.000000 0.000000 0.000000 0.000000 0.000000 0.000000 0.000000 0.000000 0.000000 0.000000 0.000000 0.000000 0.000000 0.000000 0.000000 0.000000 0.000000 0.000000 0.000000 0.000000 0.000000 0.000000 0.000000 0.000000 0.000000 0.000000 0.000000 0.000000 0.000000 0.000000 0.000000 0.000000 0.000000 0.000000 0.000000 0.000000 0.000000 0.000000 0.000000 0.000000 0.000000 0.000000 0.000000 0.000000 0.000000 0.000000 0.000000 0.000000 0.000000 0.000000 0.000000 0.000000 0.000000 0.000000 0.000000 0.000000 0.000000 0.000000 0.000000 0.000000 0.000000 0.000000 0.000000 0.000000 0.000000 0.000000 0.000000 0.000000 0.000000 0.000000 0.000000 0.000000 0.000000 0.000000 0.000000 0.000000 0.000000 0.000000 0.110421 0.000000 0.000000 0.000000 0.000000 0.000000 0.000000 0.000000 0.000000 0.000000 0.000000 0.000000 0.000000 0.000000 0.000000 0.000000 0.000000 0.000000 0.000000 0.000000 0.000000 0.000000 0.000000 0.000000 0.000000 0.000000 0.000000 0.000000 0.000000 0.000000 0.000000 0.000000 0.000000 0.000000 0.000000 0.000000 0.000000 0.000000 0.000000 0.000000 0.000000 0.000000 0.000000 0.000000 0.000000 0.000000 0.000000 0.000000 0.000000 0.000000 0.000000 0.000000 0.000000 0.000000 0.000000 0.000000 0.000000 0.000000 0.000000 0.000000 0.000000 0.000000 0.000000 0.000000 0.000000 0.000000 0.000000 0.000000 0.000000 0.000000 0.000000 0.000000 0.000000 0.000000 0.000000
0.053972 0.070583 0.056833 0.025323 0.025575 0.041388 0.036921 0.042760 0.065143 0.072263 0.023142 0.047522 0.040671 0.000000 0.049963 0.055906 0.078112 0.000000 1.000000 0.027562 0.036585 0.091733 0.046058 0.000000 0.034527 0.049889 0.035059 0.031961 0.062715 0.071804 0.046093 0.032802 0.054688 0.064786 0.082057 0.035258 0.032356 0.031628 0.091892 0.052468 0.050747 0.082994 0.080373 0.000000 0.025858 0.027482 0.045013 0.000000 0.031166 0.028035 0.029093 0.029382 0.000000 0.022647 0.000000 0.027162 0.031089 0.000000 0.000000 0.032630 0.000000 0.000000 0.029801 0.025283 0.020103 0.062954 0.000000 0.034727 0.022521 0.034317 0.063179 0.031021 0.023251 0.021413 0.031244 0.037289 0.041040 0.034665 0.029726 0.023138 0.030348 0.024341 0.034222 0.033799 0.078333 0.067478 0.020218 0.028623 0.025159 0.022381 0.033001 0.027634 0.056985 0.019284 0.037005 0.021287 0.023254 0.048510 0.060852 0.026046 0.030034 0.052247 0.028154 0.036068 0.033359 0.024815 0.025571 0.021376 0.055551 0.020616 0.030529 0.044171 0.042561 0.023161 0.026564 0.030863 0.028013 0.022040 0.025529 0.029204 0.027548 0.028269 0.025333 0.030411 0.030628 0.021461 0.021262 0.074625 0.027572 0.030456 0.022275 0.037397 0.027633 0.028925 0.030287 0.026637 0.032711 0.058508 0.040042 0.041232 0.031367 0.023380 0.037216 0.031112 0.029182 0.031306 0.060957 0.025459 0.024314 0.031196 0.043416 0.022321 0.024695 0.032420 0.019247 0.026772 0.021548 0.035805 0.011274 0.024795 0.061896 0.045162 0.042553 0.028103 0.022573 0.025759 0.029152 0.039126 0.039568 0.018643 0.019645 0.029999 0.028123 0.040290 0.064717 0.037348 0.028863 0.029411 0.024865 0.052072 0.041523 0.024550 0.021366 0.028938 0.026117 0.023836 0.022313 0.022148 0.025770 0.026117 0.019495 0.022471 0.022509 0.021189 0.022009 0.025125 0.023326 0.029745 0.021972 0.025488
0.270552 0.193990 0.200072 0.441982 0.441474 0.260404 0.264819 0.306707 0.052274 0.165498 0.221159 0.184419 0.267267 0.078290 0.244927 0.493016 0.145297 0.000000 0.027562 1.000000 0.156920 0.266550 0.121875 0.132431 0.307745 0.321465 0.330177 0.308893 0.241305 0.236040 0.302338 0.335124 0.017502 0.170225 0.005158 0.378897 0.275327 0.242969 0.299944 0.228379 0.288181 0.192593 0.244399 0.085385 0.292798 0.167038 0.326290 0.000000 0.248875 0.412273 0.335458 0.341527 0.000000 0.394475 0.000000 0.317477 0.291382 0.288215 0.122091 0.408775 0.074817 0.041136 0.178770 0.396842 0.349644 0.280718 0.007960 0.305691 0.184850 0.306955 0.431329 0.251609 0.225867 0.283363 0.300521 0.303030 0.084808 0.277937 0.170918 0.221759 0.282587 0.473474 0.530092 0.090154 0.345751 0.206843 0.365322 0.266459 0.159389 0.233883 0.460520 0.253451 0.159215 0.373108 0.127648 0.285514 0.272576 0.032629 0.117077 0.149758 0.456907 0.142885 0.318801 0.492218 0.534033 0.158608 0.272517 0.425721 0.242987 0.281672 0.365846 0.142558 0.316079 0.388137 0.447466 0.376616 0.504784 0.351697 0.369180 0.170030 0.359912 0.387302 0.387619 0.280157 0.425264 0.363158 0.226926 0.183652 0.297418 0.248585 0.236670 0.348090 0.213239 0.223213 0.522726 0.308778 0.524607 0.381152 0.380430 0.303531 0.353838 0.404298 0.430893 0.312110 0.167789 0.390757 0.234040 0.390735 0.315356 0.392571 0.250367 0.233754 0.308168 0.309707 0.328285 0.153933 0.366992 0.425780 0.315940 0.178684 0.065701 0.163216 0.251818 0.330106 0.329915 0.136774 0.277026 0.263731 0.260193 0.273932 0.296274 0.294977 0.402058 0.260784 0.200037 0.402784 0.365371 0.353882 0.406951 0.323887 0.418536 0.491740 0.400732 0.454343 0.457186 0.192703 0.267491 0.286728 0.302985 0.457186 0.327336 0.287017 0.284230 0.269263 0.354234 0.246672 0.444692 0.408498 0.291962 0.415313
0.312162 0.257742 0.252675 0.206693 0.204884 0.535194 0.522903 0.531992 0.277541 0.206560 0.121809 0.309293 0.556813 0.000000 0.211163 0.221323 0.169527 0.000000 0.036585 0.156920 1.000000 0.191041 0.270461 0.000000 0.253851 0.085799 0.124042 0.553523 0.378219 0.355599 0.152358 0.176548 0.023231 0.342572 0.015341 0.197299 0.566073 0.543387 0.177605 0.060122 0.214477 0.210981 0.260258 0.249307 0.285417 0.014339 0.098208 0.000000 0.287590 0.334803 0.233858 0.236177 0.000000 0.134957 0.000000 0.098091 0.045430 0.008794 0.003759 0.297805 0.099307 0.054601 0.023564 0.111980 0.243579 0.387219 0.010565 0.143070 0.078823 0.203688 0.069604 0.420173 0.114568 0.388186 0.006887 0.172725 0.043269 0.186576 0.732573 0.161966 0.392417 0.202168 0.089736 0.034755 0.069621 0.252463 0.269188 0.262857 0.075494 0.050023 0.325279 0.681013 0.098512 0.148865 0.045234 0.105587 0.051613 0.019434 0.391469 0.686723 0.202828 0.025835 0.281849 0.225404 0.165370 0.032830 0.234415 0.136560 0.182101 0.280547 0.288708 0.241271 0.339327 0.093907 0.218288 0.209136 0.245521 0.084034 0.043927 0.152202 0.302329 0.019775 0.226077 0.238818 0.224090 0.308655 0.015966 0.490247 0.163945 0.415660 0.105407 0.299792 0.680991 0.648149 0.253200 0.058449 0.199450 0.092961 0.216293 0.255379 0.212551 0.190567 0.140829 0.017017 0.653893 0.202305 0.182887 0.115155 0.209493 0.241121 0.044214 0.020075 0.048796 0.067615 0.190349 0.677975 0.214403 0.151029 0.423408 0.174784 0.093615 0.229697 0.308626 0.444217 0.211508 0.034992 0.288770 0.656355 0.706836 0.243216 0.219014 0.165857 0.219132 0.217050 0.131728 0.044271 0.262735 0.290715 0.111237 0.258171 0.016171 0.200555 0.178616 0.168158 0.210450 0.077747 0.091269 0.109152 0.154500 0.210450 0.115939 0.100058 0.095727 0.101960 0.145511 0.079564 0.211489 0.180983 0.103432 0.331376
0.588361 0.214784 0.172944 0.209171 0.201559 0.216122 0.192795 0.223290 0.096398 0.578435 0.246274 0.235821 0.212379 0.054876 0.234711 0.277422 0.513441 0.000000 0.091733 0.266550 0.191041 1.000000 0.089452 0.000000 0.064806 0.221613 0.092657 0.166897 0.311213 0.218500 0.318513 0.349070 0.049644 0.330784 0.038467 0.107291 0.071240 0.047331 0.674377 0.014835 0.225048 0.358422 0.394748 0.217382 0.256776 0.057631 0.084487 0.000000 0.232340 0.278397 0.129021 0.130301 0.000000 0.074317 0.000000 0.062966 0.103451 0.021906 0.029500 0.243255 0.249004 0.055220 0.069082 0.251065 0.219153 0.328739 0.008409 0.344847 0.178862 0.272540 0.148891 0.088112 0.178621 0.165192 0.063483 0.052004 0.095068 0.368896 0.155225 0.177758 0.234116 0.241719 0.101370 0.053707 0.147099 0.540132 0.161838 0.284237 0.185070 0.048791 0.327715 0.144300 0.173404 0.154362 0.071525 0.076927 0.068421 0.132414 0.051443 0.136008 0.088966 0.144879 0.272272 0.059665 0.221858 0.080357 0.204688 0.090901 0.184849 0.061066 0.202970 0.073069 0.340686 0.109921 0.209349 0.243233 0.278179 0.115758 0.083966 0.068823 0.135583 0.059282 0.199648 0.066956 0.304149 0.170438 0.062934 0.144933 0.099640 0.332005 0.088006 0.113800 0.144295 0.151045 0.282044 0.057809 0.092330 0.194690 0.202023 0.085170 0.247204 0.211658 0.297901 0.073320 0.152383 0.310875 0.487937 0.150757 0.064259 0.309786 0.144470 0.046809 0.058856 0.107879 0.151690 0.139800 0.148899 0.129394 0.142386 0.083168 0.143920 0.074707 0.141596 0.214191 0.081575 0.083415 0.123967 0.204311 0.206618 0.094057 0.124811 0.290116 0.129068 0.317533 0.518031 0.084134 0.227471 0.120315 0.199032 0.212159 0.094277 0.243787 0.212171 0.220552 0.205834 0.156680 0.160914 0.206254 0.239985 0.205834 0.153640 0.171260 0.191775 0.180524 0.204957 0.036208 0.254286 0.234421 0.198909 0.152477
